1
1
1
0
(16 0
((0,0) (15,15) (0,0))
((16,0) (31,15) (0,0))
((32,0) (47,15) (0,0))
((48,0) (63,15) (0,0))
((0,16) (15,31) (0,0))
((16,16) (31,31) (0,0))
((32,16) (47,31) (0,0))
((48,16) (63,31) (0,0))
((0,32) (15,47) (0,0))
((16,32) (31,47) (0,0))
((32,32) (47,47) (0,0))
((48,32) (63,47) (0,0))
((0,48) (15,63) (0,0))
((16,48) (31,63) (0,0))
((32,48) (47,63) (0,0))
((48,48) (63,63) (0,0))
)
16
FabOnDisk: Cell_D_00000 0
FabOnDisk: Cell_D_00000 2130
FabOnDisk: Cell_D_00000 4261
FabOnDisk: Cell_D_00000 6392
FabOnDisk: Cell_D_00000 8523
FabOnDisk: Cell_D_00000 10654
FabOnDisk: Cell_D_00000 12786
FabOnDisk: Cell_D_00000 14918
FabOnDisk: Cell_D_00000 17050
FabOnDisk: Cell_D_00000 19181
FabOnDisk: Cell_D_00000 21313
FabOnDisk: Cell_D_00000 23445
FabOnDisk: Cell_D_00000 25577
FabOnDisk: Cell_D_00000 27708
FabOnDisk: Cell_D_00000 29840
FabOnDisk: Cell_D_00000 31972

16,1
1.0000178240370570e+00,
1.0000015875952482e+00,
1.0000135696179306e+00,
1.0003534698231844e+00,
1.0000016087405104e+00,
1.0000001218973487e+00,
1.0000007973190221e+00,
1.0000222633497760e+00,
1.0000116985848295e+00,
1.0000007920379397e+00,
1.0000055196935196e+00,
1.0001161603647415e+00,
1.0002631256940662e+00,
1.0000253299954787e+00,
1.0002271197130135e+00,
1.0282496146845714e+00,

16,1
1.0263237854671443e+00,
1.0003732598301778e+00,
1.0227385316793640e+00,
1.0547985840991680e+00,
1.0002599484269206e+00,
1.0000096906429623e+00,
1.0003181736425175e+00,
1.0004767123685565e+00,
1.0221954905089083e+00,
1.0001757004858760e+00,
1.0194291987464155e+00,
1.0471375386660295e+00,
1.0546963738990176e+00,
1.0004740907337291e+00,
1.0472147990814344e+00,
1.1148528308186703e+00,

