HyperCLaw-V1.1
1
phi
2
3.38085429754819
1
-1 -1 
1 1 
2 
((0,0) (63,63) (0,0)) ((0,0) (127,127) (0,0)) 
170 340 
0.03125 0.03125 
0.015625 0.015625 
0
0
0 16 3.38085429754819
170
-1 -0.5
-1 -0.5
-0.5 0
-1 -0.5
0 0.5
-1 -0.5
0.5 1
-1 -0.5
-1 -0.5
-0.5 0
-0.5 0
-0.5 0
0 0.5
-0.5 0
0.5 1
-0.5 0
-1 -0.5
0 0.5
-0.5 0
0 0.5
0 0.5
0 0.5
0.5 1
0 0.5
-1 -0.5
0.5 1
-0.5 0
0.5 1
0 0.5
0.5 1
0.5 1
0.5 1
Level_0/Cell
1 14 3.38085429754819
340
-1 -0.75
-1 -0.75
-0.75 -0.5
-1 -0.75
-0.5 -0.25
-1 -0.75
-1 -0.75
-0.75 -0.5
-0.75 -0.5
-0.75 -0.5
-0.5 -0.25
-0.75 -0.5
-1 -0.75
-0.5 -0.25
-0.75 -0.5
-0.5 -0.25
-0.5 -0.25
-0.5 -0.25
0.875 1
-1 -0.75
0.875 1
-0.75 -0.5
0.875 1
-0.5 -0.375
-0.875 -0.625
0.875 1
-0.625 -0.375
0.875 1
Level_1/Cell
