1
1
1
0
(16 0
((0,0) (7,7) (0,0))
((88,0) (103,15) (0,0))
((104,0) (119,15) (0,0))
((120,0) (127,15) (0,0))
((80,80) (95,95) (0,0))
((96,80) (111,95) (0,0))
((112,80) (127,95) (0,0))
((80,96) (95,111) (0,0))
((96,96) (111,111) (0,0))
((112,96) (127,111) (0,0))
((80,112) (95,127) (0,0))
((96,112) (111,127) (0,0))
((112,112) (127,127) (0,0))
((0,88) (15,103) (0,0))
((0,104) (15,119) (0,0))
((0,120) (15,127) (0,0))
)
16
FabOnDisk: Cell_D_00000 0
FabOnDisk: Cell_D_00000 592
FabOnDisk: Cell_D_00000 2724
FabOnDisk: Cell_D_00000 4857
FabOnDisk: Cell_D_00000 5966
FabOnDisk: Cell_D_00000 8098
FabOnDisk: Cell_D_00000 10231
FabOnDisk: Cell_D_00000 12365
FabOnDisk: Cell_D_00000 14498
FabOnDisk: Cell_D_00000 16632
FabOnDisk: Cell_D_00000 18767
FabOnDisk: Cell_D_00000 20901
FabOnDisk: Cell_D_00000 23036
FabOnDisk: Cell_D_00000 25172
FabOnDisk: Cell_D_00000 27304
FabOnDisk: Cell_D_00000 29437

16,1
1.0040286914965295e+00,
1.0008583049253981e+00,
1.0035667578100995e+00,
1.0018670404853218e+00,
1.0000758703757562e+00,
1.0004536977980945e+00,
1.0016547311614217e+00,
1.0010479983419780e+00,
1.0173341070016324e+00,
1.0244299237661032e+00,
1.0010014559349312e+00,
1.0248218799109023e+00,
1.0352876312641299e+00,
1.0003446916233323e+00,
1.0025371819160716e+00,
1.0032165385590581e+00,

16,1
1.0282802350036373e+00,
1.0452615183634997e+00,
1.0661198854115268e+00,
1.0550064166010604e+00,
1.0133256620671283e+00,
1.0446978951290047e+00,
1.0454313055322764e+00,
1.0447486162532889e+00,
1.1504935071822489e+00,
1.1529761836660892e+00,
1.0454841878391419e+00,
1.1529924875315405e+00,
1.1555178997595956e+00,
1.0446970988845905e+00,
1.0660341189716493e+00,
1.0552747385361168e+00,

