1
1
1
0
(16 0
((0,0) (15,15) (0,0))
((16,0) (31,15) (0,0))
((32,0) (47,15) (0,0))
((48,0) (63,15) (0,0))
((0,16) (15,31) (0,0))
((16,16) (31,31) (0,0))
((32,16) (47,31) (0,0))
((48,16) (63,31) (0,0))
((0,32) (15,47) (0,0))
((16,32) (31,47) (0,0))
((32,32) (47,47) (0,0))
((48,32) (63,47) (0,0))
((0,48) (15,63) (0,0))
((16,48) (31,63) (0,0))
((32,48) (47,63) (0,0))
((48,48) (63,63) (0,0))
)
16
FabOnDisk: Cell_D_00000 0
FabOnDisk: Cell_D_00000 2130
FabOnDisk: Cell_D_00000 4261
FabOnDisk: Cell_D_00000 6392
FabOnDisk: Cell_D_00000 8523
FabOnDisk: Cell_D_00000 10654
FabOnDisk: Cell_D_00000 12786
FabOnDisk: Cell_D_00000 14918
FabOnDisk: Cell_D_00000 17050
FabOnDisk: Cell_D_00000 19181
FabOnDisk: Cell_D_00000 21313
FabOnDisk: Cell_D_00000 23445
FabOnDisk: Cell_D_00000 25577
FabOnDisk: Cell_D_00000 27708
FabOnDisk: Cell_D_00000 29840
FabOnDisk: Cell_D_00000 31972

16,1
1.0000675004478541e+00,
1.0002747681555784e+00,
1.0012755419297958e+00,
1.0004250528147547e+00,
1.0007267154526054e+00,
1.0097904224869922e+00,
1.0241280252993226e+00,
1.0024648994539656e+00,
1.0010882869194533e+00,
1.0243360323445656e+00,
1.0605543939968949e+00,
1.0082403374094249e+00,
1.0002852106439879e+00,
1.0036499897427420e+00,
1.0065925668309361e+00,
1.0013280566453961e+00,

16,1
1.0074981326598857e+00,
1.0292729846537481e+00,
1.0317969013975772e+00,
1.0194724204450871e+00,
1.0293471928359539e+00,
1.1155111087049672e+00,
1.1254668886314014e+00,
1.0771551130481274e+00,
1.0318481290084691e+00,
1.1255077070199204e+00,
1.1363327284207139e+00,
1.0839575356468876e+00,
1.0196866085618654e+00,
1.0774275766279244e+00,
1.0840396599431505e+00,
1.0518754933495953e+00,

