1
1
1
0
(16 0
((0,0) (15,15) (0,0))
((0,16) (15,23) (0,0))
((88,0) (103,15) (0,0))
((104,0) (119,15) (0,0))
((120,0) (127,15) (0,0))
((88,16) (103,23) (0,0))
((104,16) (119,23) (0,0))
((120,16) (127,23) (0,0))
((0,96) (15,111) (0,0))
((0,112) (15,127) (0,0))
((88,96) (103,111) (0,0))
((104,96) (119,111) (0,0))
((120,96) (127,111) (0,0))
((88,112) (103,127) (0,0))
((104,112) (119,127) (0,0))
((120,112) (127,127) (0,0))
)
16
FabOnDisk: Cell_D_00000 0
FabOnDisk: Cell_D_00000 2130
FabOnDisk: Cell_D_00000 3237
FabOnDisk: Cell_D_00000 5369
FabOnDisk: Cell_D_00000 7502
FabOnDisk: Cell_D_00000 8611
FabOnDisk: Cell_D_00000 9720
FabOnDisk: Cell_D_00000 10830
FabOnDisk: Cell_D_00000 11428
FabOnDisk: Cell_D_00000 13560
FabOnDisk: Cell_D_00000 15693
FabOnDisk: Cell_D_00000 17827
FabOnDisk: Cell_D_00000 19962
FabOnDisk: Cell_D_00000 21073
FabOnDisk: Cell_D_00000 23208
FabOnDisk: Cell_D_00000 25344

16,1
1.0025645561849994e+00,
1.0003335484692606e+00,
1.0002554942045354e+00,
1.0131995248837020e+00,
1.0359163687769835e+00,
1.0000870484660775e+00,
1.0030852155905619e+00,
1.0039640351543297e+00,
1.0002149629395070e+00,
1.0014458861464433e+00,
1.0000122169298047e+00,
1.0001572614864944e+00,
1.0011114268995449e+00,
1.0007311875859186e+00,
1.0305885001290751e+00,
1.0385291093335178e+00,

16,1
1.1242278656807005e+00,
1.0247657591743078e+00,
1.0695719418797740e+00,
1.2220186707136094e+00,
1.2158768565179299e+00,
1.0106418736749292e+00,
1.0403041926577594e+00,
1.0399232317451417e+00,
1.0314012114279714e+00,
1.1548221625847022e+00,
1.0205966814699365e+00,
1.0592126214306903e+00,
1.0566084600190528e+00,
1.0594292919715433e+00,
1.2233663880950953e+00,
1.2217533877361981e+00,

