1
1
1
0
(23 0
((0,0) (15,15) (0,0))
((16,0) (31,15) (0,0))
((32,0) (39,15) (0,0))
((0,16) (15,31) (0,0))
((16,16) (31,31) (0,0))
((32,16) (39,31) (0,0))
((0,32) (15,47) (0,0))
((16,32) (31,47) (0,0))
((32,32) (39,47) (0,0))
((0,48) (15,55) (0,0))
((16,48) (31,55) (0,0))
((32,48) (39,55) (0,0))
((104,0) (119,15) (0,0))
((120,0) (127,15) (0,0))
((104,16) (119,31) (0,0))
((120,16) (127,31) (0,0))
((104,32) (119,47) (0,0))
((120,32) (127,47) (0,0))
((104,48) (119,55) (0,0))
((120,48) (127,55) (0,0))
((0,120) (15,127) (0,0))
((16,120) (31,127) (0,0))
((112,120) (127,127) (0,0))
)
23
FabOnDisk: Cell_D_00000 0
FabOnDisk: Cell_D_00000 2130
FabOnDisk: Cell_D_00000 4261
FabOnDisk: Cell_D_00000 5368
FabOnDisk: Cell_D_00000 7499
FabOnDisk: Cell_D_00000 9631
FabOnDisk: Cell_D_00000 10739
FabOnDisk: Cell_D_00000 12870
FabOnDisk: Cell_D_00000 15002
FabOnDisk: Cell_D_00000 16110
FabOnDisk: Cell_D_00000 17217
FabOnDisk: Cell_D_00000 18325
FabOnDisk: Cell_D_00000 18921
FabOnDisk: Cell_D_00000 21054
FabOnDisk: Cell_D_00000 22163
FabOnDisk: Cell_D_00000 24297
FabOnDisk: Cell_D_00000 25407
FabOnDisk: Cell_D_00000 27541
FabOnDisk: Cell_D_00000 28651
FabOnDisk: Cell_D_00000 29761
FabOnDisk: Cell_D_00000 30359
FabOnDisk: Cell_D_00000 31468
FabOnDisk: Cell_D_00000 32578

23,1
1.0162940412702848e+00,
1.0044252025214873e+00,
1.0007908878084806e+00,
1.0813989084117994e+00,
1.0251641580309891e+00,
1.0047689201264156e+00,
1.0148961327542076e+00,
1.0035949723799793e+00,
1.0012337657712975e+00,
1.0032808466502061e+00,
1.0009303038062358e+00,
1.0003911580610430e+00,
1.0009257402832152e+00,
1.0085248897102770e+00,
1.0022706187200257e+00,
1.0389471815138487e+00,
1.0004946453178523e+00,
1.0075377746762459e+00,
1.0001778001708899e+00,
1.0017939465858787e+00,
1.0025052015772915e+00,
1.0016220067580444e+00,
1.0003536547780016e+00,

23,1
1.1070523361786002e+00,
1.0986249374136350e+00,
1.0239753687921944e+00,
1.1374807189278009e+00,
1.1130547686294228e+00,
1.0232333632742563e+00,
1.1065856459355965e+00,
1.0919643408706117e+00,
1.0189223749671446e+00,
1.0159973754680578e+00,
1.0129288774045118e+00,
1.0024788855695923e+00,
1.0301973416695531e+00,
1.0679643705688091e+00,
1.0512983795676765e+00,
1.1034140827856438e+00,
1.0346076792532783e+00,
1.0744629950935061e+00,
1.0059924747866551e+00,
1.0121188585078766e+00,
1.0178673719654892e+00,
1.0162154439919724e+00,
1.0120114076250026e+00,

