1
1
1
0
(25 0
((8,24) (23,39) (0,0))
((24,24) (39,39) (0,0))
((40,24) (55,39) (0,0))
((56,24) (71,39) (0,0))
((72,24) (79,39) (0,0))
((8,40) (23,55) (0,0))
((24,40) (39,55) (0,0))
((40,40) (55,55) (0,0))
((56,40) (71,55) (0,0))
((72,40) (79,55) (0,0))
((8,56) (23,71) (0,0))
((24,56) (39,71) (0,0))
((40,56) (55,71) (0,0))
((56,56) (71,71) (0,0))
((72,56) (79,71) (0,0))
((8,72) (23,87) (0,0))
((24,72) (39,87) (0,0))
((40,72) (55,87) (0,0))
((56,72) (71,87) (0,0))
((72,72) (79,87) (0,0))
((8,88) (23,95) (0,0))
((24,88) (39,95) (0,0))
((40,88) (55,95) (0,0))
((56,88) (71,95) (0,0))
((72,88) (79,95) (0,0))
)
25
FabOnDisk: Cell_D_00000 0
FabOnDisk: Cell_D_00000 2131
FabOnDisk: Cell_D_00000 4263
FabOnDisk: Cell_D_00000 6395
FabOnDisk: Cell_D_00000 8527
FabOnDisk: Cell_D_00000 9635
FabOnDisk: Cell_D_00000 11766
FabOnDisk: Cell_D_00000 13898
FabOnDisk: Cell_D_00000 16030
FabOnDisk: Cell_D_00000 18162
FabOnDisk: Cell_D_00000 19270
FabOnDisk: Cell_D_00000 21401
FabOnDisk: Cell_D_00000 23533
FabOnDisk: Cell_D_00000 25665
FabOnDisk: Cell_D_00000 27797
FabOnDisk: Cell_D_00000 28905
FabOnDisk: Cell_D_00000 31036
FabOnDisk: Cell_D_00000 33168
FabOnDisk: Cell_D_00000 35300
FabOnDisk: Cell_D_00000 37432
FabOnDisk: Cell_D_00000 38540
FabOnDisk: Cell_D_00000 39647
FabOnDisk: Cell_D_00000 40755
FabOnDisk: Cell_D_00000 41863
FabOnDisk: Cell_D_00000 42971

25,1
1.0000441869551917e+00,
1.0001472639587698e+00,
1.0007424159308793e+00,
1.0007858700077019e+00,
1.0002283457122583e+00,
1.0006552710059509e+00,
1.0085865180799858e+00,
1.0214092096176115e+00,
1.0032536213315575e+00,
1.0005951196001854e+00,
1.0010461252145022e+00,
1.0207858072181468e+00,
1.0753779224713866e+00,
1.0145833862692271e+00,
1.0030557973000727e+00,
1.0002411435887704e+00,
1.0037753220728725e+00,
1.0117025214828239e+00,
1.0023134862057774e+00,
1.0009321215640772e+00,
1.0001003071095054e+00,
1.0010923879069320e+00,
1.0026455364728704e+00,
1.0006325898649093e+00,
1.0002997691277380e+00,

25,1
1.0058606203518607e+00,
1.0223967570425749e+00,
1.0253620088933166e+00,
1.0186612256291887e+00,
1.0028226126072959e+00,
1.0209186631322309e+00,
1.0918067930441044e+00,
1.1087303152577275e+00,
1.0838704821179233e+00,
1.0147077995528704e+00,
1.0298888007360631e+00,
1.1132981614031403e+00,
1.1254537924670796e+00,
1.0902307164657843e+00,
1.0158871956247852e+00,
1.0190840624860229e+00,
1.0787977741287667e+00,
1.0892727047050037e+00,
1.0631388535938473e+00,
1.0102674707066968e+00,
1.0031164866288342e+00,
1.0117375170171752e+00,
1.0129348847995812e+00,
1.0087161283062567e+00,
1.0015903012120242e+00,

