1
1
1
0
(16 0
((0,0) (15,15) (0,0))
((16,0) (31,15) (0,0))
((32,0) (47,15) (0,0))
((48,0) (63,15) (0,0))
((0,16) (15,31) (0,0))
((16,16) (31,31) (0,0))
((32,16) (47,31) (0,0))
((48,16) (63,31) (0,0))
((0,32) (15,47) (0,0))
((16,32) (31,47) (0,0))
((32,32) (47,47) (0,0))
((48,32) (63,47) (0,0))
((0,48) (15,63) (0,0))
((16,48) (31,63) (0,0))
((32,48) (47,63) (0,0))
((48,48) (63,63) (0,0))
)
16
FabOnDisk: Cell_D_00000 0
FabOnDisk: Cell_D_00000 2130
FabOnDisk: Cell_D_00000 4261
FabOnDisk: Cell_D_00000 6392
FabOnDisk: Cell_D_00000 8523
FabOnDisk: Cell_D_00000 10654
FabOnDisk: Cell_D_00000 12786
FabOnDisk: Cell_D_00000 14918
FabOnDisk: Cell_D_00000 17050
FabOnDisk: Cell_D_00000 19181
FabOnDisk: Cell_D_00000 21313
FabOnDisk: Cell_D_00000 23445
FabOnDisk: Cell_D_00000 25577
FabOnDisk: Cell_D_00000 27708
FabOnDisk: Cell_D_00000 29840
FabOnDisk: Cell_D_00000 31972

16,1
1.0000000180783384e+00,
1.0000050681673396e+00,
1.0000001739001205e+00,
1.0000000009658989e+00,
1.0000176220721955e+00,
1.0046020863532432e+00,
1.0001206366959818e+00,
1.0000007393378973e+00,
1.0000124860489765e+00,
1.0030161672032101e+00,
1.0000646321621673e+00,
1.0000004438058774e+00,
1.0000000109809248e+00,
1.0000031988541829e+00,
1.0000000938318483e+00,
1.0000000006472727e+00,

16,1
1.0024510516362459e+00,
1.0091574404626873e+00,
1.0068357730711532e+00,
1.0000777837160120e+00,
1.0298427563054333e+00,
1.1010138947682746e+00,
1.0713068166160844e+00,
1.0006799489075975e+00,
1.0335785016512122e+00,
1.0998462112915868e+00,
1.0651793160391831e+00,
1.0004875632180152e+00,
1.0019970448888647e+00,
1.0054485885570175e+00,
1.0033247483142980e+00,
1.0000206616337863e+00,

