1
1
1
0
(16 0
((72,0) (87,15) (0,0))
((88,0) (103,15) (0,0))
((104,0) (119,15) (0,0))
((120,0) (127,15) (0,0))
((64,80) (79,95) (0,0))
((80,80) (95,95) (0,0))
((96,80) (111,95) (0,0))
((112,80) (127,95) (0,0))
((64,96) (79,111) (0,0))
((80,96) (95,111) (0,0))
((96,96) (111,111) (0,0))
((112,96) (127,111) (0,0))
((64,112) (79,127) (0,0))
((80,112) (95,127) (0,0))
((96,112) (111,127) (0,0))
((112,112) (127,127) (0,0))
)
16
FabOnDisk: Cell_D_00000 0
FabOnDisk: Cell_D_00000 2131
FabOnDisk: Cell_D_00000 4263
FabOnDisk: Cell_D_00000 6396
FabOnDisk: Cell_D_00000 7505
FabOnDisk: Cell_D_00000 9637
FabOnDisk: Cell_D_00000 11769
FabOnDisk: Cell_D_00000 13902
FabOnDisk: Cell_D_00000 16036
FabOnDisk: Cell_D_00000 18169
FabOnDisk: Cell_D_00000 20302
FabOnDisk: Cell_D_00000 22436
FabOnDisk: Cell_D_00000 24571
FabOnDisk: Cell_D_00000 26705
FabOnDisk: Cell_D_00000 28839
FabOnDisk: Cell_D_00000 30974

16,1
1.0003521001486126e+00,
1.0029876420565211e+00,
1.0012929637780505e+00,
1.0004709510562559e+00,
1.0000422062134560e+00,
1.0001958512624978e+00,
1.0014029397750215e+00,
1.0005479959933019e+00,
1.0005959949956851e+00,
1.0146801803457834e+00,
1.0289815157709046e+00,
1.0021541434316190e+00,
1.0003936097166357e+00,
1.0165353604612497e+00,
1.0465272030225998e+00,
1.0053621519147775e+00,

16,1
1.0380901547732422e+00,
1.0658475645769558e+00,
1.0600804294724671e+00,
1.0126645123395415e+00,
1.0104897140349187e+00,
1.0410695006502311e+00,
1.0436033790909229e+00,
1.0242508752466166e+00,
1.0303132629308533e+00,
1.1367223449135047e+00,
1.1494230294315699e+00,
1.0921916710457107e+00,
1.0350149366523627e+00,
1.1439502855522441e+00,
1.1527772518449890e+00,
1.0892515350929657e+00,

