1
1
1
0
(9 0
((0,0) (15,15) (0,0))
((16,0) (31,15) (0,0))
((0,16) (15,31) (0,0))
((16,16) (31,31) (0,0))
((112,0) (127,15) (0,0))
((112,16) (127,31) (0,0))
((0,112) (15,127) (0,0))
((16,112) (23,127) (0,0))
((112,112) (127,127) (0,0))
)
9
FabOnDisk: Cell_D_00000 0
FabOnDisk: Cell_D_00000 2130
FabOnDisk: Cell_D_00000 4261
FabOnDisk: Cell_D_00000 6392
FabOnDisk: Cell_D_00000 8524
FabOnDisk: Cell_D_00000 10657
FabOnDisk: Cell_D_00000 12791
FabOnDisk: Cell_D_00000 14924
FabOnDisk: Cell_D_00000 16034

9,1
1.0552160009099414e+00,
1.0003395996877371e+00,
1.0049361651317450e+00,
1.0000863180616277e+00,
1.0003416301945942e+00,
1.0000304226995891e+00,
1.0000234730892248e+00,
1.0001328317517135e+00,
1.0000002071169716e+00,

9,1
1.4198795758831197e+00,
1.2863223982507519e+00,
1.3562194436324759e+00,
1.2261918764328377e+00,
1.1407734538845817e+00,
1.1189809957995336e+00,
1.0755994166918574e+00,
1.0436711368376355e+00,
1.0305080439850898e+00,

