HyperCLaw-V1.1
1
phi
2
3.57972807975691
1
-1 -1 
1 1 
2 
((0,0) (63,63) (0,0)) ((0,0) (127,127) (0,0)) 
180 360 
0.03125 0.03125 
0.015625 0.015625 
0
0
0 16 3.57972807975691
180
-1 -0.5
-1 -0.5
-0.5 0
-1 -0.5
0 0.5
-1 -0.5
0.5 1
-1 -0.5
-1 -0.5
-0.5 0
-0.5 0
-0.5 0
0 0.5
-0.5 0
0.5 1
-0.5 0
-1 -0.5
0 0.5
-0.5 0
0 0.5
0 0.5
0 0.5
0.5 1
0 0.5
-1 -0.5
0.5 1
-0.5 0
0.5 1
0 0.5
0.5 1
0.5 1
0.5 1
Level_0/Cell
1 16 3.57972807975691
360
-0.875 -0.625
-0.875 -0.625
-0.625 -0.375
-0.875 -0.625
-0.375 -0.125
-0.875 -0.625
-0.125 0
-0.875 -0.625
-0.875 -0.625
-0.625 -0.375
-0.625 -0.375
-0.625 -0.375
-0.375 -0.125
-0.625 -0.375
-0.125 0
-0.625 -0.375
-0.875 -0.625
-0.375 -0.125
-0.625 -0.375
-0.375 -0.125
-0.375 -0.125
-0.375 -0.125
-0.125 0
-0.375 -0.125
-0.875 -0.625
-0.125 0
-0.625 -0.375
-0.125 0
-0.375 -0.125
-0.125 0
-0.125 0
-0.125 0
Level_1/Cell
