1
1
1
0
(16 0
((0,0) (15,15) (0,0))
((16,0) (31,15) (0,0))
((32,0) (47,15) (0,0))
((48,0) (63,15) (0,0))
((0,16) (15,31) (0,0))
((16,16) (31,31) (0,0))
((32,16) (47,31) (0,0))
((48,16) (63,31) (0,0))
((0,32) (15,47) (0,0))
((16,32) (31,47) (0,0))
((32,32) (47,47) (0,0))
((48,32) (63,47) (0,0))
((0,48) (15,63) (0,0))
((16,48) (31,63) (0,0))
((32,48) (47,63) (0,0))
((48,48) (63,63) (0,0))
)
16
FabOnDisk: Cell_D_00000 0
FabOnDisk: Cell_D_00000 2130
FabOnDisk: Cell_D_00000 4261
FabOnDisk: Cell_D_00000 6392
FabOnDisk: Cell_D_00000 8523
FabOnDisk: Cell_D_00000 10654
FabOnDisk: Cell_D_00000 12786
FabOnDisk: Cell_D_00000 14918
FabOnDisk: Cell_D_00000 17050
FabOnDisk: Cell_D_00000 19181
FabOnDisk: Cell_D_00000 21313
FabOnDisk: Cell_D_00000 23445
FabOnDisk: Cell_D_00000 25577
FabOnDisk: Cell_D_00000 27708
FabOnDisk: Cell_D_00000 29840
FabOnDisk: Cell_D_00000 31972

16,1
1.0000000001712879e+00,
1.0000000126014705e+00,
1.0000007496449428e+00,
1.0000000031225820e+00,
1.0000000129472824e+00,
1.0000011655867898e+00,
1.0000719849018447e+00,
1.0000001973887258e+00,
1.0000006405425392e+00,
1.0000540683900712e+00,
1.0065646356787150e+00,
1.0000141829119282e+00,
1.0000000028449927e+00,
1.0000003693858426e+00,
1.0000075748631847e+00,
1.0000000363152788e+00,

16,1
1.0000005000925793e+00,
1.0000387407959188e+00,
1.0001361917325462e+00,
1.0000763529612040e+00,
1.0000890549344561e+00,
1.0476840553508797e+00,
1.0908550888220732e+00,
1.0112720925815868e+00,
1.0001263219937673e+00,
1.0909063453214665e+00,
1.1732787343245052e+00,
1.0226199157276512e+00,
1.0000290111449899e+00,
1.0125409394464695e+00,
1.0227870993833648e+00,
1.0033590700968027e+00,

