1
1
1
0
(16 0
((0,0) (7,7) (0,0))
((88,0) (103,7) (0,0))
((104,0) (119,7) (0,0))
((120,0) (127,7) (0,0))
((80,80) (95,95) (0,0))
((96,80) (111,95) (0,0))
((112,80) (127,95) (0,0))
((80,96) (95,111) (0,0))
((96,96) (111,111) (0,0))
((112,96) (127,111) (0,0))
((80,112) (95,127) (0,0))
((96,112) (111,127) (0,0))
((112,112) (127,127) (0,0))
((0,88) (7,103) (0,0))
((0,104) (7,119) (0,0))
((0,120) (7,127) (0,0))
)
16
FabOnDisk: Cell_D_00000 0
FabOnDisk: Cell_D_00000 592
FabOnDisk: Cell_D_00000 1699
FabOnDisk: Cell_D_00000 2807
FabOnDisk: Cell_D_00000 3403
FabOnDisk: Cell_D_00000 5535
FabOnDisk: Cell_D_00000 7668
FabOnDisk: Cell_D_00000 9802
FabOnDisk: Cell_D_00000 11935
FabOnDisk: Cell_D_00000 14069
FabOnDisk: Cell_D_00000 16204
FabOnDisk: Cell_D_00000 18338
FabOnDisk: Cell_D_00000 20473
FabOnDisk: Cell_D_00000 22609
FabOnDisk: Cell_D_00000 23716
FabOnDisk: Cell_D_00000 24824

16,1
1.0013800729771958e+00,
1.0004399168500278e+00,
1.0096781389972258e+00,
1.0053203481232509e+00,
1.0000026667429218e+00,
1.0000220160324655e+00,
1.0002338044780952e+00,
1.0001026206744168e+00,
1.0061962589678453e+00,
1.0135693939242472e+00,
1.0001205230579848e+00,
1.0137875062377288e+00,
1.0304966196414951e+00,
1.0004257532070007e+00,
1.0082296535832658e+00,
1.0063548053010283e+00,

16,1
1.0220277443798642e+00,
1.0370168566777218e+00,
1.0724098881832982e+00,
1.0576611476767297e+00,
1.0040740995262329e+00,
1.0298029976890601e+00,
1.0311830216885880e+00,
1.0298352463801004e+00,
1.2190179433600421e+00,
1.2291641089645744e+00,
1.0312035783614015e+00,
1.2291816834123930e+00,
1.2398024591466212e+00,
1.0365332217425864e+00,
1.0723804926252776e+00,
1.0579726055708802e+00,

