1
1
1
0
(16 0
((0,0) (15,15) (0,0))
((16,0) (31,15) (0,0))
((32,0) (47,15) (0,0))
((48,0) (63,15) (0,0))
((0,16) (15,31) (0,0))
((16,16) (31,31) (0,0))
((32,16) (47,31) (0,0))
((48,16) (63,31) (0,0))
((0,32) (15,47) (0,0))
((16,32) (31,47) (0,0))
((32,32) (47,47) (0,0))
((48,32) (63,47) (0,0))
((0,48) (15,63) (0,0))
((16,48) (31,63) (0,0))
((32,48) (47,63) (0,0))
((48,48) (63,63) (0,0))
)
16
FabOnDisk: Cell_D_00000 0
FabOnDisk: Cell_D_00000 2130
FabOnDisk: Cell_D_00000 4261
FabOnDisk: Cell_D_00000 6392
FabOnDisk: Cell_D_00000 8523
FabOnDisk: Cell_D_00000 10654
FabOnDisk: Cell_D_00000 12786
FabOnDisk: Cell_D_00000 14918
FabOnDisk: Cell_D_00000 17050
FabOnDisk: Cell_D_00000 19181
FabOnDisk: Cell_D_00000 21313
FabOnDisk: Cell_D_00000 23445
FabOnDisk: Cell_D_00000 25577
FabOnDisk: Cell_D_00000 27708
FabOnDisk: Cell_D_00000 29840
FabOnDisk: Cell_D_00000 31972

16,1
1.0040933592786565e+00,
1.0000208806503437e+00,
1.0000327819682604e+00,
1.0072668734949786e+00,
1.0000366544047847e+00,
1.0000002147274580e+00,
1.0000004016565409e+00,
1.0000835913410475e+00,
1.0000064015522283e+00,
1.0000000388066062e+00,
1.0000000553951467e+00,
1.0000116352792854e+00,
1.0003514034348260e+00,
1.0000016544207380e+00,
1.0000022575189054e+00,
1.0005182173754386e+00,

16,1
1.0781419418339735e+00,
1.0064367624740127e+00,
1.0125976751790189e+00,
1.0796330348982495e+00,
1.0306143612949143e+00,
1.0021684711127967e+00,
1.0056517481334200e+00,
1.0317370836938518e+00,
1.0020885488881688e+00,
1.0002328060057561e+00,
1.0002556041199537e+00,
1.0020885618623216e+00,
1.0596251344682406e+00,
1.0057752588990825e+00,
1.0083017100451117e+00,
1.0601107928624691e+00,

