1
1
1
0
(16 0
((0,0) (15,15) (0,0))
((16,0) (31,15) (0,0))
((32,0) (47,15) (0,0))
((48,0) (63,15) (0,0))
((0,16) (15,31) (0,0))
((16,16) (31,31) (0,0))
((32,16) (47,31) (0,0))
((48,16) (63,31) (0,0))
((0,32) (15,47) (0,0))
((16,32) (31,47) (0,0))
((32,32) (47,47) (0,0))
((48,32) (63,47) (0,0))
((0,48) (15,63) (0,0))
((16,48) (31,63) (0,0))
((32,48) (47,63) (0,0))
((48,48) (63,63) (0,0))
)
16
FabOnDisk: Cell_D_00000 0
FabOnDisk: Cell_D_00000 2130
FabOnDisk: Cell_D_00000 4261
FabOnDisk: Cell_D_00000 6392
FabOnDisk: Cell_D_00000 8523
FabOnDisk: Cell_D_00000 10654
FabOnDisk: Cell_D_00000 12786
FabOnDisk: Cell_D_00000 14918
FabOnDisk: Cell_D_00000 17050
FabOnDisk: Cell_D_00000 19181
FabOnDisk: Cell_D_00000 21313
FabOnDisk: Cell_D_00000 23445
FabOnDisk: Cell_D_00000 25577
FabOnDisk: Cell_D_00000 27708
FabOnDisk: Cell_D_00000 29840
FabOnDisk: Cell_D_00000 31972

16,1
1.0000000240999984e+00,
1.0000045378416818e+00,
1.0000001629699653e+00,
1.0000000008708838e+00,
1.0000121999757332e+00,
1.0138924574374899e+00,
1.0000222865962873e+00,
1.0000002394126053e+00,
1.0000001414116189e+00,
1.0000448039607952e+00,
1.0000003364826242e+00,
1.0000000037657510e+00,
1.0000000009023200e+00,
1.0000002161525909e+00,
1.0000000042607411e+00,
1.0000000000315152e+00,

16,1
1.0072931226293504e+00,
1.0367338699018949e+00,
1.0126307509502661e+00,
1.0000102844778895e+00,
1.0367732977973996e+00,
1.1867688114397630e+00,
1.0651160714822274e+00,
1.0000556274819252e+00,
1.0129742796147929e+00,
1.0652232538652018e+00,
1.0229273043441895e+00,
1.0000381352159131e+00,
1.0000239005456684e+00,
1.0000559814265211e+00,
1.0000218375837395e+00,
1.0000001263313261e+00,

