1
1
1
0
(16 0
((0,0) (15,15) (0,0))
((16,0) (31,15) (0,0))
((32,0) (47,15) (0,0))
((48,0) (63,15) (0,0))
((0,16) (15,31) (0,0))
((16,16) (31,31) (0,0))
((32,16) (47,31) (0,0))
((48,16) (63,31) (0,0))
((0,32) (15,47) (0,0))
((16,32) (31,47) (0,0))
((32,32) (47,47) (0,0))
((48,32) (63,47) (0,0))
((0,48) (15,63) (0,0))
((16,48) (31,63) (0,0))
((32,48) (47,63) (0,0))
((48,48) (63,63) (0,0))
)
16
FabOnDisk: Cell_D_00000 0
FabOnDisk: Cell_D_00000 2130
FabOnDisk: Cell_D_00000 4261
FabOnDisk: Cell_D_00000 6392
FabOnDisk: Cell_D_00000 8523
FabOnDisk: Cell_D_00000 10654
FabOnDisk: Cell_D_00000 12786
FabOnDisk: Cell_D_00000 14918
FabOnDisk: Cell_D_00000 17050
FabOnDisk: Cell_D_00000 19181
FabOnDisk: Cell_D_00000 21313
FabOnDisk: Cell_D_00000 23445
FabOnDisk: Cell_D_00000 25577
FabOnDisk: Cell_D_00000 27708
FabOnDisk: Cell_D_00000 29840
FabOnDisk: Cell_D_00000 31972

16,1
1.0007267357498815e+00,
1.0000000933743312e+00,
1.0000000000000684e+00,
1.0000000010139523e+00,
1.0000024425036647e+00,
1.0000000002766574e+00,
1.0000000000000024e+00,
1.0000000000034674e+00,
1.0000000000002851e+00,
1.0000000000000031e+00,
1.0000000000000009e+00,
1.0000000000000000e+00,
1.0000000003118596e+00,
1.0000000000001139e+00,
1.0000000000000000e+00,
1.0000000000000002e+00,

16,1
1.2407098512886352e+00,
1.1176700392004708e+00,
1.0000012440403481e+00,
1.0110045516135209e+00,
1.1714804517330015e+00,
1.0716264169088958e+00,
1.0000003887260434e+00,
1.0099181048742167e+00,
1.0000099389252586e+00,
1.0000035992253868e+00,
1.0000000000103801e+00,
1.0000006968692565e+00,
1.0048800763212997e+00,
1.0026136583711198e+00,
1.0000000386440124e+00,
1.0001844130819753e+00,

