1
1
1
0
(16 0
((0,0) (15,15) (0,0))
((16,0) (31,15) (0,0))
((32,0) (47,15) (0,0))
((48,0) (63,15) (0,0))
((0,16) (15,31) (0,0))
((16,16) (31,31) (0,0))
((32,16) (47,31) (0,0))
((48,16) (63,31) (0,0))
((0,32) (15,47) (0,0))
((16,32) (31,47) (0,0))
((32,32) (47,47) (0,0))
((48,32) (63,47) (0,0))
((0,48) (15,63) (0,0))
((16,48) (31,63) (0,0))
((32,48) (47,63) (0,0))
((48,48) (63,63) (0,0))
)
16
FabOnDisk: Cell_D_00000 0
FabOnDisk: Cell_D_00000 2130
FabOnDisk: Cell_D_00000 4261
FabOnDisk: Cell_D_00000 6392
FabOnDisk: Cell_D_00000 8523
FabOnDisk: Cell_D_00000 10654
FabOnDisk: Cell_D_00000 12786
FabOnDisk: Cell_D_00000 14918
FabOnDisk: Cell_D_00000 17050
FabOnDisk: Cell_D_00000 19181
FabOnDisk: Cell_D_00000 21313
FabOnDisk: Cell_D_00000 23445
FabOnDisk: Cell_D_00000 25577
FabOnDisk: Cell_D_00000 27708
FabOnDisk: Cell_D_00000 29840
FabOnDisk: Cell_D_00000 31972

16,1
1.0000003021058963e+00,
1.0000106757404492e+00,
1.0000005835732710e+00,
1.0000000276109913e+00,
1.0000753057276517e+00,
1.0042418941989051e+00,
1.0000298358304194e+00,
1.0000030419739767e+00,
1.0000322081063848e+00,
1.0016439865143645e+00,
1.0000354750649818e+00,
1.0000022040981813e+00,
1.0000002897162312e+00,
1.0000104641775633e+00,
1.0000003714741867e+00,
1.0000000252936689e+00,

16,1
1.0021767911778177e+00,
1.0059481037524129e+00,
1.0030332143664000e+00,
1.0000330587806467e+00,
1.0678383493000334e+00,
1.1249151735231981e+00,
1.0420452851220068e+00,
1.0002296616258790e+00,
1.0593413505638034e+00,
1.1218555950380362e+00,
1.0435230578894223e+00,
1.0002686638514975e+00,
1.0015975242671034e+00,
1.0026988002429178e+00,
1.0009669488148516e+00,
1.0000224958417323e+00,

