1
1
1
0
(16 0
((0,0) (15,15) (0,0))
((16,0) (31,15) (0,0))
((32,0) (47,15) (0,0))
((48,0) (63,15) (0,0))
((0,16) (15,31) (0,0))
((16,16) (31,31) (0,0))
((32,16) (47,31) (0,0))
((48,16) (63,31) (0,0))
((0,32) (15,47) (0,0))
((16,32) (31,47) (0,0))
((32,32) (47,47) (0,0))
((48,32) (63,47) (0,0))
((0,48) (15,63) (0,0))
((16,48) (31,63) (0,0))
((32,48) (47,63) (0,0))
((48,48) (63,63) (0,0))
)
16
FabOnDisk: Cell_D_00000 0
FabOnDisk: Cell_D_00000 2130
FabOnDisk: Cell_D_00000 4261
FabOnDisk: Cell_D_00000 6392
FabOnDisk: Cell_D_00000 8523
FabOnDisk: Cell_D_00000 10654
FabOnDisk: Cell_D_00000 12786
FabOnDisk: Cell_D_00000 14918
FabOnDisk: Cell_D_00000 17050
FabOnDisk: Cell_D_00000 19181
FabOnDisk: Cell_D_00000 21313
FabOnDisk: Cell_D_00000 23445
FabOnDisk: Cell_D_00000 25577
FabOnDisk: Cell_D_00000 27708
FabOnDisk: Cell_D_00000 29840
FabOnDisk: Cell_D_00000 31972

16,1
1.0000000000000120e+00,
1.0000000000028326e+00,
1.0000000096431565e+00,
1.0000000000118721e+00,
1.0000000000002669e+00,
1.0000000001137925e+00,
1.0000004676375975e+00,
1.0000000007902754e+00,
1.0000000025422435e+00,
1.0000016738266837e+00,
1.0055866121686721e+00,
1.0000053031568006e+00,
1.0000000000647302e+00,
1.0000000466536862e+00,
1.0001475777252495e+00,
1.0000001151594520e+00,

16,1
1.0000000173090349e+00,
1.0000691910465980e+00,
1.0002517487898970e+00,
1.0000929518555146e+00,
1.0000029105546488e+00,
1.0024191392299278e+00,
1.0130520151381532e+00,
1.0067905122351788e+00,
1.0000241494492395e+00,
1.0330787168999394e+00,
1.1574813233489367e+00,
1.0743716206039333e+00,
1.0000111749513090e+00,
1.0303720121554587e+00,
1.1231507253182553e+00,
1.0509933819539732e+00,

