1
1
1
0
(16 0
((0,0) (15,15) (0,0))
((16,0) (31,15) (0,0))
((32,0) (47,15) (0,0))
((48,0) (63,15) (0,0))
((0,16) (15,31) (0,0))
((16,16) (31,31) (0,0))
((32,16) (47,31) (0,0))
((48,16) (63,31) (0,0))
((0,32) (15,47) (0,0))
((16,32) (31,47) (0,0))
((32,32) (47,47) (0,0))
((48,32) (63,47) (0,0))
((0,48) (15,63) (0,0))
((16,48) (31,63) (0,0))
((32,48) (47,63) (0,0))
((48,48) (63,63) (0,0))
)
16
FabOnDisk: Cell_D_00000 0
FabOnDisk: Cell_D_00000 2130
FabOnDisk: Cell_D_00000 4261
FabOnDisk: Cell_D_00000 6392
FabOnDisk: Cell_D_00000 8523
FabOnDisk: Cell_D_00000 10654
FabOnDisk: Cell_D_00000 12786
FabOnDisk: Cell_D_00000 14918
FabOnDisk: Cell_D_00000 17050
FabOnDisk: Cell_D_00000 19181
FabOnDisk: Cell_D_00000 21313
FabOnDisk: Cell_D_00000 23445
FabOnDisk: Cell_D_00000 25577
FabOnDisk: Cell_D_00000 27708
FabOnDisk: Cell_D_00000 29840
FabOnDisk: Cell_D_00000 31972

16,1
1.0000000000000033e+00,
1.0000000000232621e+00,
1.0000000000160829e+00,
1.0000000000000038e+00,
1.0000000001197589e+00,
1.0000021687600791e+00,
1.0000004718234172e+00,
1.0000000000037699e+00,
1.0000000001122324e+00,
1.0000115938932581e+00,
1.0000004422354525e+00,
1.0000000000031306e+00,
1.0000000000000036e+00,
1.0000000000144094e+00,
1.0000000000024358e+00,
1.0000000000000038e+00,

16,1
1.0000007223436924e+00,
1.0001398683734473e+00,
1.0001691818887068e+00,
1.0000002431439161e+00,
1.0008697171565419e+00,
1.3015933496293415e+00,
1.2380505199265031e+00,
1.0000302757485069e+00,
1.0011800163335138e+00,
1.2966325462211161e+00,
1.2112063629872090e+00,
1.0000209723491968e+00,
1.0000056225165905e+00,
1.0001741023716824e+00,
1.0001106097634853e+00,
1.0000000744746231e+00,

