1
1
1
0
(16 0
((0,0) (15,15) (0,0))
((16,0) (31,15) (0,0))
((32,0) (47,15) (0,0))
((48,0) (63,15) (0,0))
((0,16) (15,31) (0,0))
((16,16) (31,31) (0,0))
((32,16) (47,31) (0,0))
((48,16) (63,31) (0,0))
((0,32) (15,47) (0,0))
((16,32) (31,47) (0,0))
((32,32) (47,47) (0,0))
((48,32) (63,47) (0,0))
((0,48) (15,63) (0,0))
((16,48) (31,63) (0,0))
((32,48) (47,63) (0,0))
((48,48) (63,63) (0,0))
)
16
FabOnDisk: Cell_D_00000 0
FabOnDisk: Cell_D_00000 2130
FabOnDisk: Cell_D_00000 4261
FabOnDisk: Cell_D_00000 6392
FabOnDisk: Cell_D_00000 8523
FabOnDisk: Cell_D_00000 10654
FabOnDisk: Cell_D_00000 12786
FabOnDisk: Cell_D_00000 14918
FabOnDisk: Cell_D_00000 17050
FabOnDisk: Cell_D_00000 19181
FabOnDisk: Cell_D_00000 21313
FabOnDisk: Cell_D_00000 23445
FabOnDisk: Cell_D_00000 25577
FabOnDisk: Cell_D_00000 27708
FabOnDisk: Cell_D_00000 29840
FabOnDisk: Cell_D_00000 31972

16,1
1.0000045129199284e+00,
1.0000809265518718e+00,
1.0000000947972647e+00,
1.0000000107794418e+00,
1.0009799230247147e+00,
1.0128492361956463e+00,
1.0000122071282236e+00,
1.0000018288143333e+00,
1.0000105941556534e+00,
1.0001159735272580e+00,
1.0000000958241553e+00,
1.0000000178456754e+00,
1.0000001009300052e+00,
1.0000014731062477e+00,
1.0000000014508574e+00,
1.0000000002496632e+00,

16,1
1.0318470820185037e+00,
1.0425155777719763e+00,
1.0098205022602249e+00,
1.0004257159419989e+00,
1.0834145265966217e+00,
1.1055859776689934e+00,
1.0211837802142736e+00,
1.0013007557043561e+00,
1.0496836272304859e+00,
1.0598291469063090e+00,
1.0102525440627561e+00,
1.0009052365937217e+00,
1.0002604354932474e+00,
1.0003015945243305e+00,
1.0000457415025847e+00,
1.0000054374091889e+00,

