1
1
1
0
(16 0
((0,0) (15,15) (0,0))
((16,0) (31,15) (0,0))
((32,0) (47,15) (0,0))
((48,0) (63,15) (0,0))
((0,16) (15,31) (0,0))
((16,16) (31,31) (0,0))
((32,16) (47,31) (0,0))
((48,16) (63,31) (0,0))
((0,32) (15,47) (0,0))
((16,32) (31,47) (0,0))
((32,32) (47,47) (0,0))
((48,32) (63,47) (0,0))
((0,48) (15,63) (0,0))
((16,48) (31,63) (0,0))
((32,48) (47,63) (0,0))
((48,48) (63,63) (0,0))
)
16
FabOnDisk: Cell_D_00000 0
FabOnDisk: Cell_D_00000 2130
FabOnDisk: Cell_D_00000 4261
FabOnDisk: Cell_D_00000 6392
FabOnDisk: Cell_D_00000 8523
FabOnDisk: Cell_D_00000 10654
FabOnDisk: Cell_D_00000 12786
FabOnDisk: Cell_D_00000 14918
FabOnDisk: Cell_D_00000 17050
FabOnDisk: Cell_D_00000 19181
FabOnDisk: Cell_D_00000 21313
FabOnDisk: Cell_D_00000 23445
FabOnDisk: Cell_D_00000 25577
FabOnDisk: Cell_D_00000 27708
FabOnDisk: Cell_D_00000 29840
FabOnDisk: Cell_D_00000 31972

16,1
1.0000000000000047e+00,
1.0000000000079128e+00,
1.0000000000629574e+00,
1.0000000000000044e+00,
1.0000000000210463e+00,
1.0000017600032300e+00,
1.0000025348563162e+00,
1.0000000000078013e+00,
1.0000000000133529e+00,
1.0000044234610861e+00,
1.0000028019077860e+00,
1.0000000000063458e+00,
1.0000000000000044e+00,
1.0000000000053244e+00,
1.0000000000116638e+00,
1.0000000000000051e+00,

16,1
1.0000006054455191e+00,
1.0001043045087417e+00,
1.0001896382390110e+00,
1.0000008904461404e+00,
1.0001508430229173e+00,
1.3046488672191840e+00,
1.2990011800083838e+00,
1.0001491902080151e+00,
1.0001450682948980e+00,
1.2990086937999843e+00,
1.2934680102643989e+00,
1.0001711566274905e+00,
1.0000014693635790e+00,
1.0001728237165939e+00,
1.0001588921364724e+00,
1.0000008854752860e+00,

