1
1
1
0
(16 0
((0,0) (15,15) (0,0))
((16,0) (31,15) (0,0))
((32,0) (47,15) (0,0))
((48,0) (63,15) (0,0))
((0,16) (15,31) (0,0))
((16,16) (31,31) (0,0))
((32,16) (47,31) (0,0))
((48,16) (63,31) (0,0))
((0,32) (15,47) (0,0))
((16,32) (31,47) (0,0))
((32,32) (47,47) (0,0))
((48,32) (63,47) (0,0))
((0,48) (15,63) (0,0))
((16,48) (31,63) (0,0))
((32,48) (47,63) (0,0))
((48,48) (63,63) (0,0))
)
16
FabOnDisk: Cell_D_00000 0
FabOnDisk: Cell_D_00000 2130
FabOnDisk: Cell_D_00000 4261
FabOnDisk: Cell_D_00000 6392
FabOnDisk: Cell_D_00000 8523
FabOnDisk: Cell_D_00000 10654
FabOnDisk: Cell_D_00000 12786
FabOnDisk: Cell_D_00000 14918
FabOnDisk: Cell_D_00000 17050
FabOnDisk: Cell_D_00000 19181
FabOnDisk: Cell_D_00000 21313
FabOnDisk: Cell_D_00000 23445
FabOnDisk: Cell_D_00000 25577
FabOnDisk: Cell_D_00000 27708
FabOnDisk: Cell_D_00000 29840
FabOnDisk: Cell_D_00000 31972

16,1
1.0000000000009204e+00,
1.0000000139481535e+00,
1.0000000000218874e+00,
1.0000000000000029e+00,
1.0000000380991505e+00,
1.0024354177955690e+00,
1.0000002012672489e+00,
1.0000000000232230e+00,
1.0000000000164810e+00,
1.0000004695296645e+00,
1.0000000000747784e+00,
1.0000000000000091e+00,
1.0000000000000031e+00,
1.0000000000191780e+00,
1.0000000000000138e+00,
1.0000000000000031e+00,

16,1
1.0007511747053570e+00,
1.0157328697420138e+00,
1.0028614854711611e+00,
1.0000000558725461e+00,
1.0157339064766902e+00,
1.3272502728709397e+00,
1.0612305750620512e+00,
1.0000007309355783e+00,
1.0030052754710639e+00,
1.0612179480696595e+00,
1.0116294034036639e+00,
1.0000003596894360e+00,
1.0000001290634517e+00,
1.0000007270054831e+00,
1.0000002108618971e+00,
1.0000000000107332e+00,

