1
1
1
0
(16 0
((0,0) (15,15) (0,0))
((16,0) (31,15) (0,0))
((32,0) (47,15) (0,0))
((48,0) (63,15) (0,0))
((0,16) (15,31) (0,0))
((16,16) (31,31) (0,0))
((32,16) (47,31) (0,0))
((48,16) (63,31) (0,0))
((0,32) (15,47) (0,0))
((16,32) (31,47) (0,0))
((32,32) (47,47) (0,0))
((48,32) (63,47) (0,0))
((0,48) (15,63) (0,0))
((16,48) (31,63) (0,0))
((32,48) (47,63) (0,0))
((48,48) (63,63) (0,0))
)
16
FabOnDisk: Cell_D_00000 0
FabOnDisk: Cell_D_00000 2130
FabOnDisk: Cell_D_00000 4261
FabOnDisk: Cell_D_00000 6392
FabOnDisk: Cell_D_00000 8523
FabOnDisk: Cell_D_00000 10654
FabOnDisk: Cell_D_00000 12786
FabOnDisk: Cell_D_00000 14918
FabOnDisk: Cell_D_00000 17050
FabOnDisk: Cell_D_00000 19181
FabOnDisk: Cell_D_00000 21313
FabOnDisk: Cell_D_00000 23445
FabOnDisk: Cell_D_00000 25577
FabOnDisk: Cell_D_00000 27708
FabOnDisk: Cell_D_00000 29840
FabOnDisk: Cell_D_00000 31972

16,1
1.0000067206386152e+00,
1.0000825669298363e+00,
1.0000002274833426e+00,
1.0000001487547436e+00,
1.0017733401340214e+00,
1.0026179587348309e+00,
1.0000086251530791e+00,
1.0000073846700939e+00,
1.0000428104500734e+00,
1.0000555648824132e+00,
1.0000003388211975e+00,
1.0000002596215718e+00,
1.0000010517222300e+00,
1.0000042295811138e+00,
1.0000000231956849e+00,
1.0000000162873945e+00,

16,1
1.0427461712455268e+00,
1.0434054114003470e+00,
1.0013386418532277e+00,
1.0011237131913604e+00,
1.1276636898876509e+00,
1.1291415446126130e+00,
1.0059062294989993e+00,
1.0027355508118836e+00,
1.0574939279307014e+00,
1.0582547382696319e+00,
1.0030416225927175e+00,
1.0012444421510347e+00,
1.0002997970092338e+00,
1.0002973788544418e+00,
1.0000538870736317e+00,
1.0000276859007147e+00,

