1
1
1
0
(25 0
((0,0) (15,15) (0,0))
((16,0) (31,15) (0,0))
((32,0) (39,15) (0,0))
((0,16) (15,31) (0,0))
((16,16) (31,31) (0,0))
((32,16) (39,31) (0,0))
((0,32) (15,39) (0,0))
((16,32) (31,39) (0,0))
((32,32) (39,39) (0,0))
((104,0) (119,15) (0,0))
((120,0) (127,15) (0,0))
((104,16) (119,31) (0,0))
((120,16) (127,31) (0,0))
((104,32) (119,39) (0,0))
((120,32) (127,39) (0,0))
((0,104) (15,119) (0,0))
((16,104) (31,119) (0,0))
((32,104) (39,119) (0,0))
((0,120) (15,127) (0,0))
((16,120) (31,127) (0,0))
((32,120) (39,127) (0,0))
((104,104) (119,119) (0,0))
((120,104) (127,119) (0,0))
((104,120) (119,127) (0,0))
((120,120) (127,127) (0,0))
)
25
FabOnDisk: Cell_D_00000 0
FabOnDisk: Cell_D_00000 2130
FabOnDisk: Cell_D_00000 4261
FabOnDisk: Cell_D_00000 5368
FabOnDisk: Cell_D_00000 7499
FabOnDisk: Cell_D_00000 9631
FabOnDisk: Cell_D_00000 10739
FabOnDisk: Cell_D_00000 11846
FabOnDisk: Cell_D_00000 12954
FabOnDisk: Cell_D_00000 13550
FabOnDisk: Cell_D_00000 15683
FabOnDisk: Cell_D_00000 16792
FabOnDisk: Cell_D_00000 18926
FabOnDisk: Cell_D_00000 20036
FabOnDisk: Cell_D_00000 21146
FabOnDisk: Cell_D_00000 21744
FabOnDisk: Cell_D_00000 23877
FabOnDisk: Cell_D_00000 26011
FabOnDisk: Cell_D_00000 27121
FabOnDisk: Cell_D_00000 28230
FabOnDisk: Cell_D_00000 29340
FabOnDisk: Cell_D_00000 29938
FabOnDisk: Cell_D_00000 32074
FabOnDisk: Cell_D_00000 33186
FabOnDisk: Cell_D_00000 34298

25,1
1.0663681269525611e+00,
1.0209473752016605e+00,
1.0036982060346302e+00,
1.0219915481441018e+00,
1.0073083012725383e+00,
1.0025852752797273e+00,
1.0056549923246181e+00,
1.0014947918717800e+00,
1.0007441039110183e+00,
1.0015887541465665e+00,
1.0293772603019107e+00,
1.0005004408238978e+00,
1.0098833203126321e+00,
1.0002434213099454e+00,
1.0029925306307343e+00,
1.0008543258736071e+00,
1.0009140431841366e+00,
1.0002878889894846e+00,
1.0293205669302203e+00,
1.0090645965692493e+00,
1.0015280463302836e+00,
1.0000695993153847e+00,
1.0003166176455089e+00,
1.0008735024342745e+00,
1.0129943936417154e+00,

25,1
1.1450804298533657e+00,
1.1305390601137955e+00,
1.0271638406975661e+00,
1.1305775700165872e+00,
1.1175069199632830e+00,
1.0248847755607211e+00,
1.0272507538496203e+00,
1.0242662072665205e+00,
1.0054695537957405e+00,
1.0379592684061680e+00,
1.0908139049452046e+00,
1.0341631589673883e+00,
1.0817537082012427e+00,
1.0075062826108692e+00,
1.0175724996739910e+00,
1.0379062318343653e+00,
1.0340828941873770e+00,
1.0066875896126251e+00,
1.0907444464434188e+00,
1.0816028648939588e+00,
1.0163881073144294e+00,
1.0099590265591201e+00,
1.0237374786541309e+00,
1.0238040825965624e+00,
1.0568244592083180e+00,

