1
1
1
0
(16 0
((0,0) (15,15) (0,0))
((16,0) (31,15) (0,0))
((32,0) (47,15) (0,0))
((48,0) (63,15) (0,0))
((0,16) (15,31) (0,0))
((16,16) (31,31) (0,0))
((32,16) (47,31) (0,0))
((48,16) (63,31) (0,0))
((0,32) (15,47) (0,0))
((16,32) (31,47) (0,0))
((32,32) (47,47) (0,0))
((48,32) (63,47) (0,0))
((0,48) (15,63) (0,0))
((16,48) (31,63) (0,0))
((32,48) (47,63) (0,0))
((48,48) (63,63) (0,0))
)
16
FabOnDisk: Cell_D_00000 0
FabOnDisk: Cell_D_00000 2130
FabOnDisk: Cell_D_00000 4261
FabOnDisk: Cell_D_00000 6392
FabOnDisk: Cell_D_00000 8523
FabOnDisk: Cell_D_00000 10654
FabOnDisk: Cell_D_00000 12786
FabOnDisk: Cell_D_00000 14918
FabOnDisk: Cell_D_00000 17050
FabOnDisk: Cell_D_00000 19181
FabOnDisk: Cell_D_00000 21313
FabOnDisk: Cell_D_00000 23445
FabOnDisk: Cell_D_00000 25577
FabOnDisk: Cell_D_00000 27708
FabOnDisk: Cell_D_00000 29840
FabOnDisk: Cell_D_00000 31972

16,1
1.0000000000960665e+00,
1.0000000650340073e+00,
1.0000002030972908e+00,
1.0000000000839477e+00,
1.0000001182656004e+00,
1.0001105203756484e+00,
1.0000661564467712e+00,
1.0000000739529296e+00,
1.0000000859484008e+00,
1.0001594409110139e+00,
1.0000910147982693e+00,
1.0000000789933927e+00,
1.0000000000895211e+00,
1.0000000769881550e+00,
1.0000000969712715e+00,
1.0000000000729414e+00,

16,1
1.0000523403915360e+00,
1.0019043532412411e+00,
1.0020925937444249e+00,
1.0000385706636301e+00,
1.0019924524259709e+00,
1.1804223508716278e+00,
1.1762203299351783e+00,
1.0012161747966792e+00,
1.0018774475712151e+00,
1.1762353732515556e+00,
1.1721334305559092e+00,
1.0013158628891543e+00,
1.0000791472562531e+00,
1.0013113792114796e+00,
1.0011766184718274e+00,
1.0000450164593429e+00,

