1
1
1
0
(16 0
((32,32) (47,47) (0,0))
((48,32) (63,47) (0,0))
((64,32) (79,47) (0,0))
((80,32) (87,47) (0,0))
((32,48) (47,63) (0,0))
((48,48) (63,63) (0,0))
((64,48) (79,63) (0,0))
((80,48) (87,63) (0,0))
((32,64) (47,79) (0,0))
((48,64) (63,79) (0,0))
((64,64) (79,79) (0,0))
((80,64) (87,79) (0,0))
((32,80) (47,87) (0,0))
((48,80) (63,87) (0,0))
((64,80) (79,87) (0,0))
((80,80) (87,87) (0,0))
)
16
FabOnDisk: Cell_D_00000 0
FabOnDisk: Cell_D_00000 2132
FabOnDisk: Cell_D_00000 4264
FabOnDisk: Cell_D_00000 6396
FabOnDisk: Cell_D_00000 7504
FabOnDisk: Cell_D_00000 9636
FabOnDisk: Cell_D_00000 11768
FabOnDisk: Cell_D_00000 13900
FabOnDisk: Cell_D_00000 15008
FabOnDisk: Cell_D_00000 17140
FabOnDisk: Cell_D_00000 19272
FabOnDisk: Cell_D_00000 21404
FabOnDisk: Cell_D_00000 22512
FabOnDisk: Cell_D_00000 23620
FabOnDisk: Cell_D_00000 24728
FabOnDisk: Cell_D_00000 25836

16,1
1.0000917106855616e+00,
1.0011095604630738e+00,
1.0011845926839544e+00,
1.0003037041730585e+00,
1.0015772667260572e+00,
1.0312204806959013e+00,
1.0206775995681086e+00,
1.0036190894820749e+00,
1.0008950228059963e+00,
1.0213680934199802e+00,
1.0144515735849255e+00,
1.0039505100027404e+00,
1.0003186814680780e+00,
1.0052127705370366e+00,
1.0027982036265353e+00,
1.0009750500302288e+00,

16,1
1.0241833941084382e+00,
1.0660865335691896e+00,
1.0651086287754277e+00,
1.0154149870244060e+00,
1.0661343537798671e+00,
1.1809516293093556e+00,
1.1783004201216896e+00,
1.0432121680609712e+00,
1.0651705635090765e+00,
1.1783159029374199e+00,
1.1757056519854787e+00,
1.0427333791933888e+00,
1.0161617812941699e+00,
1.0433067776315483e+00,
1.0425908550875023e+00,
1.0106269793246401e+00,

