1
1
1
0
(16 0
((0,0) (15,15) (0,0))
((16,0) (31,15) (0,0))
((32,0) (47,15) (0,0))
((48,0) (63,15) (0,0))
((0,16) (15,31) (0,0))
((16,16) (31,31) (0,0))
((32,16) (47,31) (0,0))
((48,16) (63,31) (0,0))
((0,32) (15,47) (0,0))
((16,32) (31,47) (0,0))
((32,32) (47,47) (0,0))
((48,32) (63,47) (0,0))
((0,48) (15,63) (0,0))
((16,48) (31,63) (0,0))
((32,48) (47,63) (0,0))
((48,48) (63,63) (0,0))
)
16
FabOnDisk: Cell_D_00000 0
FabOnDisk: Cell_D_00000 2130
FabOnDisk: Cell_D_00000 4261
FabOnDisk: Cell_D_00000 6392
FabOnDisk: Cell_D_00000 8523
FabOnDisk: Cell_D_00000 10654
FabOnDisk: Cell_D_00000 12786
FabOnDisk: Cell_D_00000 14918
FabOnDisk: Cell_D_00000 17050
FabOnDisk: Cell_D_00000 19181
FabOnDisk: Cell_D_00000 21313
FabOnDisk: Cell_D_00000 23445
FabOnDisk: Cell_D_00000 25577
FabOnDisk: Cell_D_00000 27708
FabOnDisk: Cell_D_00000 29840
FabOnDisk: Cell_D_00000 31972

16,1
1.0000000406836891e+00,
1.0000008091496162e+00,
1.0000138228276967e+00,
1.0000002473904563e+00,
1.0000008683891701e+00,
1.0000201628682068e+00,
1.0003459603897797e+00,
1.0000041883413984e+00,
1.0000126074843991e+00,
1.0002623096851462e+00,
1.0099314709507383e+00,
1.0000964632619971e+00,
1.0000002439541187e+00,
1.0000078044911578e+00,
1.0000554333407645e+00,
1.0000011929704937e+00,

16,1
1.0000109694497630e+00,
1.0002249436933421e+00,
1.0006045422855072e+00,
1.0003840020761985e+00,
1.0004827971188004e+00,
1.0545618242561319e+00,
1.0823668319623674e+00,
1.0167491959537927e+00,
1.0005833009607259e+00,
1.0824439021973606e+00,
1.1245105717949777e+00,
1.0262253849052123e+00,
1.0001694276025941e+00,
1.0179560328811212e+00,
1.0263016290749081e+00,
1.0059750978506581e+00,

