1
1
1
0
(16 0
((0,0) (15,15) (0,0))
((16,0) (31,15) (0,0))
((32,0) (47,15) (0,0))
((48,0) (63,15) (0,0))
((0,16) (15,31) (0,0))
((16,16) (31,31) (0,0))
((32,16) (47,31) (0,0))
((48,16) (63,31) (0,0))
((0,32) (15,47) (0,0))
((16,32) (31,47) (0,0))
((32,32) (47,47) (0,0))
((48,32) (63,47) (0,0))
((0,48) (15,63) (0,0))
((16,48) (31,63) (0,0))
((32,48) (47,63) (0,0))
((48,48) (63,63) (0,0))
)
16
FabOnDisk: Cell_D_00000 0
FabOnDisk: Cell_D_00000 2130
FabOnDisk: Cell_D_00000 4261
FabOnDisk: Cell_D_00000 6392
FabOnDisk: Cell_D_00000 8523
FabOnDisk: Cell_D_00000 10654
FabOnDisk: Cell_D_00000 12786
FabOnDisk: Cell_D_00000 14918
FabOnDisk: Cell_D_00000 17050
FabOnDisk: Cell_D_00000 19181
FabOnDisk: Cell_D_00000 21313
FabOnDisk: Cell_D_00000 23445
FabOnDisk: Cell_D_00000 25577
FabOnDisk: Cell_D_00000 27708
FabOnDisk: Cell_D_00000 29840
FabOnDisk: Cell_D_00000 31972

16,1
1.0000006567320545e+00,
1.0000018528540946e+00,
1.0000000000000244e+00,
1.0000000000000528e+00,
1.0000229020669034e+00,
1.0000595028645827e+00,
1.0000000000008025e+00,
1.0000000000019005e+00,
1.0000000000026275e+00,
1.0000000000030360e+00,
1.0000000000000031e+00,
1.0000000000000022e+00,
1.0000000000002116e+00,
1.0000000000004663e+00,
1.0000000000000020e+00,
1.0000000000000013e+00,

16,1
1.1570680433404619e+00,
1.1686324192237958e+00,
1.0008841494521712e+00,
1.0002307912791766e+00,
1.2104923838093988e+00,
1.2176845915442593e+00,
1.0007374588916933e+00,
1.0004235182860384e+00,
1.0038634797377732e+00,
1.0039383407476621e+00,
1.0000094356903044e+00,
1.0000092566887884e+00,
1.0000878719855741e+00,
1.0000978107424006e+00,
1.0000007015057435e+00,
1.0000001004100660e+00,

