1
1
1
0
(23 0
((0,0) (15,15) (0,0))
((72,0) (87,15) (0,0))
((88,0) (103,15) (0,0))
((104,0) (119,15) (0,0))
((120,0) (127,15) (0,0))
((72,16) (87,31) (0,0))
((88,16) (103,31) (0,0))
((104,16) (119,31) (0,0))
((120,16) (127,31) (0,0))
((72,88) (87,103) (0,0))
((88,88) (103,103) (0,0))
((104,88) (119,103) (0,0))
((120,88) (127,103) (0,0))
((72,104) (87,119) (0,0))
((88,104) (103,119) (0,0))
((104,104) (119,119) (0,0))
((120,104) (127,119) (0,0))
((72,120) (87,127) (0,0))
((88,120) (103,127) (0,0))
((104,120) (119,127) (0,0))
((120,120) (127,127) (0,0))
((0,96) (15,111) (0,0))
((0,112) (15,127) (0,0))
)
23
FabOnDisk: Cell_D_00000 0
FabOnDisk: Cell_D_00000 2130
FabOnDisk: Cell_D_00000 4261
FabOnDisk: Cell_D_00000 6393
FabOnDisk: Cell_D_00000 8526
FabOnDisk: Cell_D_00000 9635
FabOnDisk: Cell_D_00000 11767
FabOnDisk: Cell_D_00000 13900
FabOnDisk: Cell_D_00000 16034
FabOnDisk: Cell_D_00000 17144
FabOnDisk: Cell_D_00000 19277
FabOnDisk: Cell_D_00000 21411
FabOnDisk: Cell_D_00000 23546
FabOnDisk: Cell_D_00000 24657
FabOnDisk: Cell_D_00000 26791
FabOnDisk: Cell_D_00000 28926
FabOnDisk: Cell_D_00000 31062
FabOnDisk: Cell_D_00000 32174
FabOnDisk: Cell_D_00000 33284
FabOnDisk: Cell_D_00000 34395
FabOnDisk: Cell_D_00000 35507
FabOnDisk: Cell_D_00000 36107
FabOnDisk: Cell_D_00000 38239

23,1
1.0018883731901140e+00,
1.0018560878848599e+00,
1.0189048556198126e+00,
1.0291515509381848e+00,
1.0141737878789023e+00,
1.0003043738482449e+00,
1.0021299065858631e+00,
1.0027642255148168e+00,
1.0014588367445592e+00,
1.0000992663325186e+00,
1.0003916970399642e+00,
1.0016104211600017e+00,
1.0017493424618622e+00,
1.0019301814395807e+00,
1.0149225344492834e+00,
1.0198694122345500e+00,
1.0093607638420337e+00,
1.0036597409738435e+00,
1.0414029543386361e+00,
1.0637714720006957e+00,
1.0302990127205023e+00,
1.0003818303130076e+00,
1.0016050154426031e+00,

23,1
1.0347529821869725e+00,
1.0374358337421115e+00,
1.1020269234703965e+00,
1.1066035818907065e+00,
1.0696020051103681e+00,
1.0159346897905916e+00,
1.0401821953242061e+00,
1.0410433165359407e+00,
1.0238927098017214e+00,
1.0112519178815462e+00,
1.0274024794336210e+00,
1.0281229484736829e+00,
1.0174407932427270e+00,
1.0360035155694516e+00,
1.0940311212535445e+00,
1.0974405880172575e+00,
1.0621799456105872e+00,
1.0451250469841789e+00,
1.1066363494674409e+00,
1.1087957496701162e+00,
1.0706611273158864e+00,
1.0232657008051933e+00,
1.0349366361276868e+00,

