1
1
1
0
(12 0
((16,24) (31,39) (0,0))
((32,24) (47,39) (0,0))
((48,24) (63,39) (0,0))
((64,24) (71,39) (0,0))
((16,40) (31,55) (0,0))
((32,40) (47,55) (0,0))
((48,40) (63,55) (0,0))
((64,40) (71,55) (0,0))
((16,56) (31,71) (0,0))
((32,56) (47,71) (0,0))
((48,56) (63,71) (0,0))
((64,56) (71,71) (0,0))
)
12
FabOnDisk: Cell_D_00000 0
FabOnDisk: Cell_D_00000 2132
FabOnDisk: Cell_D_00000 4264
FabOnDisk: Cell_D_00000 6396
FabOnDisk: Cell_D_00000 7504
FabOnDisk: Cell_D_00000 9636
FabOnDisk: Cell_D_00000 11768
FabOnDisk: Cell_D_00000 13900
FabOnDisk: Cell_D_00000 15008
FabOnDisk: Cell_D_00000 17140
FabOnDisk: Cell_D_00000 19272
FabOnDisk: Cell_D_00000 21404

12,1
1.0000026083720679e+00,
1.0001062753642116e+00,
1.0003508383160273e+00,
1.0000282174361093e+00,
1.0002120214314785e+00,
1.0494562825809497e+00,
1.0065636813442582e+00,
1.0002689024173628e+00,
1.0000225934810749e+00,
1.0027493923525514e+00,
1.0005489996914070e+00,
1.0000998414167666e+00,

12,1
1.0309304801541785e+00,
1.1222780977995859e+00,
1.1086493830423327e+00,
1.0047479622171043e+00,
1.0536267497230911e+00,
1.3255335224070492e+00,
1.3203369137275647e+00,
1.0272000921157904e+00,
1.0538365698788024e+00,
1.2504141891233638e+00,
1.2310827794612256e+00,
1.0118806191710397e+00,

