1
1
1
0
(16 0
((0,0) (15,15) (0,0))
((16,0) (31,15) (0,0))
((32,0) (47,15) (0,0))
((48,0) (63,15) (0,0))
((0,16) (15,31) (0,0))
((16,16) (31,31) (0,0))
((32,16) (47,31) (0,0))
((48,16) (63,31) (0,0))
((0,32) (15,47) (0,0))
((16,32) (31,47) (0,0))
((32,32) (47,47) (0,0))
((48,32) (63,47) (0,0))
((0,48) (15,63) (0,0))
((16,48) (31,63) (0,0))
((32,48) (47,63) (0,0))
((48,48) (63,63) (0,0))
)
16
FabOnDisk: Cell_D_00000 0
FabOnDisk: Cell_D_00000 2130
FabOnDisk: Cell_D_00000 4261
FabOnDisk: Cell_D_00000 6392
FabOnDisk: Cell_D_00000 8523
FabOnDisk: Cell_D_00000 10654
FabOnDisk: Cell_D_00000 12786
FabOnDisk: Cell_D_00000 14918
FabOnDisk: Cell_D_00000 17050
FabOnDisk: Cell_D_00000 19181
FabOnDisk: Cell_D_00000 21313
FabOnDisk: Cell_D_00000 23445
FabOnDisk: Cell_D_00000 25577
FabOnDisk: Cell_D_00000 27708
FabOnDisk: Cell_D_00000 29840
FabOnDisk: Cell_D_00000 31972

16,1
1.0000779404634763e+00,
1.0004800420338329e+00,
1.0000012825879800e+00,
1.0000008238460594e+00,
1.0003269447903063e+00,
1.0015252681235924e+00,
1.0000091530117265e+00,
1.0000035820550774e+00,
1.0000027241507170e+00,
1.0000055185949051e+00,
1.0000000421716786e+00,
1.0000000241910116e+00,
1.0000007390974068e+00,
1.0000040264939405e+00,
1.0000000237393889e+00,
1.0000000111302669e+00,

16,1
1.1114151004435648e+00,
1.1230090295447206e+00,
1.0060237659462343e+00,
1.0012157297834994e+00,
1.1230586163235743e+00,
1.1358753298967850e+00,
1.0076995297284495e+00,
1.0012453598454547e+00,
1.0075126507955146e+00,
1.0077181116978777e+00,
1.0009130931291821e+00,
1.0002013442407360e+00,
1.0006800154923279e+00,
1.0013379405596927e+00,
1.0003016291285354e+00,
1.0000412118966600e+00,

