1
1
1
0
(16 0
((0,0) (15,15) (0,0))
((16,0) (31,15) (0,0))
((32,0) (47,15) (0,0))
((48,0) (63,15) (0,0))
((0,16) (15,31) (0,0))
((16,16) (31,31) (0,0))
((32,16) (47,31) (0,0))
((48,16) (63,31) (0,0))
((0,32) (15,47) (0,0))
((16,32) (31,47) (0,0))
((32,32) (47,47) (0,0))
((48,32) (63,47) (0,0))
((0,48) (15,63) (0,0))
((16,48) (31,63) (0,0))
((32,48) (47,63) (0,0))
((48,48) (63,63) (0,0))
)
16
FabOnDisk: Cell_D_00000 0
FabOnDisk: Cell_D_00000 2130
FabOnDisk: Cell_D_00000 4261
FabOnDisk: Cell_D_00000 6392
FabOnDisk: Cell_D_00000 8523
FabOnDisk: Cell_D_00000 10654
FabOnDisk: Cell_D_00000 12786
FabOnDisk: Cell_D_00000 14918
FabOnDisk: Cell_D_00000 17050
FabOnDisk: Cell_D_00000 19181
FabOnDisk: Cell_D_00000 21313
FabOnDisk: Cell_D_00000 23445
FabOnDisk: Cell_D_00000 25577
FabOnDisk: Cell_D_00000 27708
FabOnDisk: Cell_D_00000 29840
FabOnDisk: Cell_D_00000 31972

16,1
1.0000001003793719e+00,
1.0000125017849124e+00,
1.0000000100483106e+00,
1.0000000006425012e+00,
1.0001210014373718e+00,
1.0030663035253637e+00,
1.0000012524320645e+00,
1.0000001897159339e+00,
1.0000011315102746e+00,
1.0000131923427495e+00,
1.0000000161181231e+00,
1.0000000021698330e+00,
1.0000000047338016e+00,
1.0000002139728295e+00,
1.0000000002465617e+00,
1.0000000000285800e+00,

16,1
1.0260163347801325e+00,
1.0355071649658292e+00,
1.0017606297414883e+00,
1.0000618516331388e+00,
1.1356892143077828e+00,
1.1847084038955036e+00,
1.0126549364953452e+00,
1.0001612599707956e+00,
1.0461938715482904e+00,
1.0651482099217644e+00,
1.0036990977080014e+00,
1.0000805475842769e+00,
1.0000498649770106e+00,
1.0000561160726009e+00,
1.0000086265786854e+00,
1.0000005832149774e+00,

