1
1
1
0
(16 0
((0,0) (15,15) (0,0))
((16,0) (31,15) (0,0))
((32,0) (47,15) (0,0))
((48,0) (63,15) (0,0))
((0,16) (15,31) (0,0))
((16,16) (31,31) (0,0))
((32,16) (47,31) (0,0))
((48,16) (63,31) (0,0))
((0,32) (15,47) (0,0))
((16,32) (31,47) (0,0))
((32,32) (47,47) (0,0))
((48,32) (63,47) (0,0))
((0,48) (15,63) (0,0))
((16,48) (31,63) (0,0))
((32,48) (47,63) (0,0))
((48,48) (63,63) (0,0))
)
16
FabOnDisk: Cell_D_00000 0
FabOnDisk: Cell_D_00000 2130
FabOnDisk: Cell_D_00000 4261
FabOnDisk: Cell_D_00000 6392
FabOnDisk: Cell_D_00000 8523
FabOnDisk: Cell_D_00000 10654
FabOnDisk: Cell_D_00000 12786
FabOnDisk: Cell_D_00000 14918
FabOnDisk: Cell_D_00000 17050
FabOnDisk: Cell_D_00000 19181
FabOnDisk: Cell_D_00000 21313
FabOnDisk: Cell_D_00000 23445
FabOnDisk: Cell_D_00000 25577
FabOnDisk: Cell_D_00000 27708
FabOnDisk: Cell_D_00000 29840
FabOnDisk: Cell_D_00000 31972

16,1
1.0000000000004046e+00,
1.0000000000000908e+00,
1.0000000011407266e+00,
1.0000000075312665e+00,
1.0000000000000966e+00,
1.0000000000000167e+00,
1.0000000000708955e+00,
1.0000000022297140e+00,
1.0000000004176288e+00,
1.0000000000884524e+00,
1.0000004083161806e+00,
1.0000298297433035e+00,
1.0000000150991561e+00,
1.0000000015468202e+00,
1.0000081799343969e+00,
1.0001732890382447e+00,

16,1
1.0000774656083122e+00,
1.0000035851831779e+00,
1.0020602901544320e+00,
1.0022810768888544e+00,
1.0000115187519232e+00,
1.0000001460589243e+00,
1.0000338972577041e+00,
1.0000852076003599e+00,
1.0012698982743815e+00,
1.0000657126738670e+00,
1.1490471161138829e+00,
1.1937538740502853e+00,
1.0022922608879803e+00,
1.0000756947864933e+00,
1.1937773785520331e+00,
1.2519127009933348e+00,

