1
1
1
0
(16 0
((0,0) (15,15) (0,0))
((16,0) (31,15) (0,0))
((32,0) (47,15) (0,0))
((48,0) (63,15) (0,0))
((0,16) (15,31) (0,0))
((16,16) (31,31) (0,0))
((32,16) (47,31) (0,0))
((48,16) (63,31) (0,0))
((0,32) (15,47) (0,0))
((16,32) (31,47) (0,0))
((32,32) (47,47) (0,0))
((48,32) (63,47) (0,0))
((0,48) (15,63) (0,0))
((16,48) (31,63) (0,0))
((32,48) (47,63) (0,0))
((48,48) (63,63) (0,0))
)
16
FabOnDisk: Cell_D_00000 0
FabOnDisk: Cell_D_00000 2130
FabOnDisk: Cell_D_00000 4261
FabOnDisk: Cell_D_00000 6392
FabOnDisk: Cell_D_00000 8523
FabOnDisk: Cell_D_00000 10654
FabOnDisk: Cell_D_00000 12786
FabOnDisk: Cell_D_00000 14918
FabOnDisk: Cell_D_00000 17050
FabOnDisk: Cell_D_00000 19181
FabOnDisk: Cell_D_00000 21313
FabOnDisk: Cell_D_00000 23445
FabOnDisk: Cell_D_00000 25577
FabOnDisk: Cell_D_00000 27708
FabOnDisk: Cell_D_00000 29840
FabOnDisk: Cell_D_00000 31972

16,1
1.0000122817216346e+00,
1.0000162259512808e+00,
1.0000000056489380e+00,
1.0000000183311031e+00,
1.0003505630194882e+00,
1.0001140271332023e+00,
1.0000000494220036e+00,
1.0000001178230298e+00,
1.0000002303046254e+00,
1.0000000296336808e+00,
1.0000000000276825e+00,
1.0000000001267444e+00,
1.0000000282614179e+00,
1.0000000163147678e+00,
1.0000000000106080e+00,
1.0000000000192351e+00,

16,1
1.1587474368420339e+00,
1.1485492026298481e+00,
1.0004189079098944e+00,
1.0027366886845248e+00,
1.1923663016440873e+00,
1.1715217925558767e+00,
1.0004772427213002e+00,
1.0044817410381033e+00,
1.0041899236293479e+00,
1.0033585813104196e+00,
1.0000389799413123e+00,
1.0002186428991471e+00,
1.0002419835997958e+00,
1.0003085737239690e+00,
1.0000102341904828e+00,
1.0000047583853380e+00,

