1
1
1
0
(16 0
((32,32) (47,47) (0,0))
((48,32) (63,47) (0,0))
((64,32) (79,47) (0,0))
((80,32) (87,47) (0,0))
((32,48) (47,63) (0,0))
((48,48) (63,63) (0,0))
((64,48) (79,63) (0,0))
((80,48) (87,63) (0,0))
((32,64) (47,79) (0,0))
((48,64) (63,79) (0,0))
((64,64) (79,79) (0,0))
((80,64) (87,79) (0,0))
((32,80) (47,87) (0,0))
((48,80) (63,87) (0,0))
((64,80) (79,87) (0,0))
((80,80) (87,87) (0,0))
)
16
FabOnDisk: Cell_D_00000 0
FabOnDisk: Cell_D_00000 2132
FabOnDisk: Cell_D_00000 4264
FabOnDisk: Cell_D_00000 6396
FabOnDisk: Cell_D_00000 7504
FabOnDisk: Cell_D_00000 9636
FabOnDisk: Cell_D_00000 11768
FabOnDisk: Cell_D_00000 13900
FabOnDisk: Cell_D_00000 15008
FabOnDisk: Cell_D_00000 17140
FabOnDisk: Cell_D_00000 19272
FabOnDisk: Cell_D_00000 21404
FabOnDisk: Cell_D_00000 22512
FabOnDisk: Cell_D_00000 23620
FabOnDisk: Cell_D_00000 24728
FabOnDisk: Cell_D_00000 25836

16,1
1.0000013561933518e+00,
1.0000217229400190e+00,
1.0001959557264148e+00,
1.0000355719807346e+00,
1.0000820169616238e+00,
1.0117270054196306e+00,
1.0079994320911188e+00,
1.0004018016991292e+00,
1.0000473771937879e+00,
1.0084522907739981e+00,
1.0060044685612046e+00,
1.0008983643637186e+00,
1.0000120751316024e+00,
1.0009804323861866e+00,
1.0004014015960925e+00,
1.0001031629021953e+00,

16,1
1.0074733062575034e+00,
1.0477877718011579e+00,
1.0473390082251026e+00,
1.0048665963940775e+00,
1.0477982930133762e+00,
1.3063512095774952e+00,
1.3034914138679443e+00,
1.0326336767457296e+00,
1.0473513474317087e+00,
1.3034949464940564e+00,
1.3006624259832655e+00,
1.0324292259833372e+00,
1.0052871583681655e+00,
1.0326733710114049e+00,
1.0323186216960161e+00,
1.0036584070426946e+00,

