1
1
1
0
(9 0
((80,80) (95,95) (0,0))
((96,80) (111,95) (0,0))
((112,80) (119,95) (0,0))
((80,96) (95,111) (0,0))
((96,96) (111,111) (0,0))
((112,96) (119,111) (0,0))
((80,112) (95,119) (0,0))
((96,112) (111,119) (0,0))
((112,112) (119,119) (0,0))
)
9
FabOnDisk: Cell_D_00000 0
FabOnDisk: Cell_D_00000 2132
FabOnDisk: Cell_D_00000 4265
FabOnDisk: Cell_D_00000 5375
FabOnDisk: Cell_D_00000 7508
FabOnDisk: Cell_D_00000 9642
FabOnDisk: Cell_D_00000 10753
FabOnDisk: Cell_D_00000 11863
FabOnDisk: Cell_D_00000 12974

9,1
1.0000003593066178e+00,
1.0002614045753497e+00,
1.0000083396772070e+00,
1.0004876767054622e+00,
1.0284478564967550e+00,
1.0007019918705622e+00,
1.0000315108050180e+00,
1.0010324831673529e+00,
1.0000526734973418e+00,

9,1
1.2330820522386059e+00,
1.3110485470995736e+00,
1.0293082197361845e+00,
1.3809133922388759e+00,
1.5908760564795037e+00,
1.1012506774574971e+00,
1.0987624071298390e+00,
1.1277754710109835e+00,
1.0110672970974117e+00,

