1
1
1
0
(16 0
((0,0) (15,15) (0,0))
((16,0) (31,15) (0,0))
((32,0) (47,15) (0,0))
((48,0) (63,15) (0,0))
((0,16) (15,31) (0,0))
((16,16) (31,31) (0,0))
((32,16) (47,31) (0,0))
((48,16) (63,31) (0,0))
((0,32) (15,47) (0,0))
((16,32) (31,47) (0,0))
((32,32) (47,47) (0,0))
((48,32) (63,47) (0,0))
((0,48) (15,63) (0,0))
((16,48) (31,63) (0,0))
((32,48) (47,63) (0,0))
((48,48) (63,63) (0,0))
)
16
FabOnDisk: Cell_D_00000 0
FabOnDisk: Cell_D_00000 2130
FabOnDisk: Cell_D_00000 4261
FabOnDisk: Cell_D_00000 6392
FabOnDisk: Cell_D_00000 8523
FabOnDisk: Cell_D_00000 10654
FabOnDisk: Cell_D_00000 12786
FabOnDisk: Cell_D_00000 14918
FabOnDisk: Cell_D_00000 17050
FabOnDisk: Cell_D_00000 19181
FabOnDisk: Cell_D_00000 21313
FabOnDisk: Cell_D_00000 23445
FabOnDisk: Cell_D_00000 25577
FabOnDisk: Cell_D_00000 27708
FabOnDisk: Cell_D_00000 29840
FabOnDisk: Cell_D_00000 31972

16,1
1.0000000003220715e+00,
1.0000000108506484e+00,
1.0000010988183921e+00,
1.0000000075908528e+00,
1.0000000011623114e+00,
1.0000000347387699e+00,
1.0000040478661758e+00,
1.0000000605227142e+00,
1.0000003999426386e+00,
1.0000509396818680e+00,
1.0058931214636424e+00,
1.0000060688658696e+00,
1.0000000469772932e+00,
1.0000039372929239e+00,
1.0001986668418161e+00,
1.0000010598187878e+00,

16,1
1.0000023084162823e+00,
1.0003221336196391e+00,
1.0004582510418516e+00,
1.0000894602960473e+00,
1.0000198789792920e+00,
1.0049869699671168e+00,
1.0124775791018532e+00,
1.0033817561685410e+00,
1.0000956795096363e+00,
1.0907819895295374e+00,
1.1640522213436306e+00,
1.0346104097334807e+00,
1.0000893772717736e+00,
1.0504262245021525e+00,
1.1194295893767272e+00,
1.0267937402425955e+00,

