1
1
1
0
(16 0
((0,0) (15,15) (0,0))
((16,0) (31,15) (0,0))
((32,0) (47,15) (0,0))
((48,0) (63,15) (0,0))
((0,16) (15,31) (0,0))
((16,16) (31,31) (0,0))
((32,16) (47,31) (0,0))
((48,16) (63,31) (0,0))
((0,32) (15,47) (0,0))
((16,32) (31,47) (0,0))
((32,32) (47,47) (0,0))
((48,32) (63,47) (0,0))
((0,48) (15,63) (0,0))
((16,48) (31,63) (0,0))
((32,48) (47,63) (0,0))
((48,48) (63,63) (0,0))
)
16
FabOnDisk: Cell_D_00000 0
FabOnDisk: Cell_D_00000 2130
FabOnDisk: Cell_D_00000 4261
FabOnDisk: Cell_D_00000 6392
FabOnDisk: Cell_D_00000 8523
FabOnDisk: Cell_D_00000 10654
FabOnDisk: Cell_D_00000 12786
FabOnDisk: Cell_D_00000 14918
FabOnDisk: Cell_D_00000 17050
FabOnDisk: Cell_D_00000 19181
FabOnDisk: Cell_D_00000 21313
FabOnDisk: Cell_D_00000 23445
FabOnDisk: Cell_D_00000 25577
FabOnDisk: Cell_D_00000 27708
FabOnDisk: Cell_D_00000 29840
FabOnDisk: Cell_D_00000 31972

16,1
1.0000130973122603e+00,
1.0000000851178241e+00,
1.0000000000000588e+00,
1.0000000000236728e+00,
1.0000002917912842e+00,
1.0000000010403896e+00,
1.0000000000000029e+00,
1.0000000000001301e+00,
1.0000000000000440e+00,
1.0000000000000036e+00,
1.0000000000000018e+00,
1.0000000000000000e+00,
1.0000000000103431e+00,
1.0000000000005733e+00,
1.0000000000000000e+00,
1.0000000000000007e+00,

16,1
1.3847992803157729e+00,
1.2156003025469992e+00,
1.0000030692652668e+00,
1.0005369003882227e+00,
1.2156123513224046e+00,
1.1208768681645884e+00,
1.0000026078037574e+00,
1.0003007692615957e+00,
1.0000030273293368e+00,
1.0000018427102733e+00,
1.0000000001411542e+00,
1.0000000629337462e+00,
1.0006471560002332e+00,
1.0006249028784027e+00,
1.0000000202670913e+00,
1.0000036165807449e+00,

