1
1
1
0
(16 0
((0,0) (15,15) (0,0))
((16,0) (31,15) (0,0))
((32,0) (47,15) (0,0))
((48,0) (63,15) (0,0))
((0,16) (15,31) (0,0))
((16,16) (31,31) (0,0))
((32,16) (47,31) (0,0))
((48,16) (63,31) (0,0))
((0,32) (15,47) (0,0))
((16,32) (31,47) (0,0))
((32,32) (47,47) (0,0))
((48,32) (63,47) (0,0))
((0,48) (15,63) (0,0))
((16,48) (31,63) (0,0))
((32,48) (47,63) (0,0))
((48,48) (63,63) (0,0))
)
16
FabOnDisk: Cell_D_00000 0
FabOnDisk: Cell_D_00000 2130
FabOnDisk: Cell_D_00000 4261
FabOnDisk: Cell_D_00000 6392
FabOnDisk: Cell_D_00000 8523
FabOnDisk: Cell_D_00000 10654
FabOnDisk: Cell_D_00000 12786
FabOnDisk: Cell_D_00000 14918
FabOnDisk: Cell_D_00000 17050
FabOnDisk: Cell_D_00000 19181
FabOnDisk: Cell_D_00000 21313
FabOnDisk: Cell_D_00000 23445
FabOnDisk: Cell_D_00000 25577
FabOnDisk: Cell_D_00000 27708
FabOnDisk: Cell_D_00000 29840
FabOnDisk: Cell_D_00000 31972

16,1
1.0000000602160495e+00,
1.0000001641432934e+00,
1.0000090049509549e+00,
1.0000024638711014e+00,
1.0000001576678150e+00,
1.0000004087697136e+00,
1.0000172979438267e+00,
1.0000098246496041e+00,
1.0000104094280482e+00,
1.0000433638610453e+00,
1.0064063035800626e+00,
1.0002896766662401e+00,
1.0000023031800955e+00,
1.0000064717026140e+00,
1.0007167576287566e+00,
1.0000847345854407e+00,

16,1
1.0000482743785888e+00,
1.0004478767831155e+00,
1.0011463566447807e+00,
1.0007676170310840e+00,
1.0001810708792969e+00,
1.0037167480086688e+00,
1.0209859219433763e+00,
1.0159199563631047e+00,
1.0011498470105042e+00,
1.0210417570155266e+00,
1.1210512019907295e+00,
1.0920053001469596e+00,
1.0011086668257483e+00,
1.0159798237441946e+00,
1.0920941258347439e+00,
1.0700674584939791e+00,

