1
1
1
0
(16 0
((64,64) (79,79) (0,0))
((80,64) (95,79) (0,0))
((96,64) (111,79) (0,0))
((112,64) (127,79) (0,0))
((64,80) (79,95) (0,0))
((80,80) (95,95) (0,0))
((96,80) (111,95) (0,0))
((112,80) (127,95) (0,0))
((64,96) (79,111) (0,0))
((80,96) (95,111) (0,0))
((96,96) (111,111) (0,0))
((112,96) (127,111) (0,0))
((64,112) (79,127) (0,0))
((80,112) (95,127) (0,0))
((96,112) (111,127) (0,0))
((112,112) (127,127) (0,0))
)
16
FabOnDisk: Cell_D_00000 0
FabOnDisk: Cell_D_00000 2132
FabOnDisk: Cell_D_00000 4264
FabOnDisk: Cell_D_00000 6397
FabOnDisk: Cell_D_00000 8531
FabOnDisk: Cell_D_00000 10663
FabOnDisk: Cell_D_00000 12795
FabOnDisk: Cell_D_00000 14928
FabOnDisk: Cell_D_00000 17062
FabOnDisk: Cell_D_00000 19195
FabOnDisk: Cell_D_00000 21328
FabOnDisk: Cell_D_00000 23462
FabOnDisk: Cell_D_00000 25597
FabOnDisk: Cell_D_00000 27731
FabOnDisk: Cell_D_00000 29865
FabOnDisk: Cell_D_00000 32000

16,1
1.0001496993734558e+00,
1.0005730788898843e+00,
1.0023446837954637e+00,
1.0006292610040477e+00,
1.0013029396325859e+00,
1.0130242262417664e+00,
1.0267134549532262e+00,
1.0034117627199337e+00,
1.0017323176395343e+00,
1.0269690071015027e+00,
1.0557864059373840e+00,
1.0095144583641038e+00,
1.0004696584930597e+00,
1.0049469841819652e+00,
1.0078959879913472e+00,
1.0018429786751784e+00,

16,1
1.0103590716027291e+00,
1.0327551805464865e+00,
1.0348199643881895e+00,
1.0221771215541744e+00,
1.0328316738171845e+00,
1.1043575044002136e+00,
1.1109493490234958e+00,
1.0709560571928947e+00,
1.0348861141439234e+00,
1.1109945734211271e+00,
1.1180131628263186e+00,
1.0755871332059102e+00,
1.0224407602539041e+00,
1.0712234559465563e+00,
1.0756673482922849e+00,
1.0485846691470824e+00,

