1
1
1
0
(18 0
((0,8) (15,23) (0,0))
((16,8) (31,23) (0,0))
((32,8) (47,23) (0,0))
((48,8) (55,23) (0,0))
((0,24) (15,39) (0,0))
((16,24) (31,39) (0,0))
((32,24) (47,39) (0,0))
((48,24) (55,39) (0,0))
((0,40) (15,55) (0,0))
((16,40) (31,55) (0,0))
((32,40) (47,55) (0,0))
((48,40) (55,55) (0,0))
((0,56) (15,63) (0,0))
((16,56) (31,63) (0,0))
((32,56) (47,63) (0,0))
((48,56) (55,63) (0,0))
((120,24) (127,39) (0,0))
((120,40) (127,47) (0,0))
)
18
FabOnDisk: Cell_D_00000 0
FabOnDisk: Cell_D_00000 2130
FabOnDisk: Cell_D_00000 4261
FabOnDisk: Cell_D_00000 6392
FabOnDisk: Cell_D_00000 7499
FabOnDisk: Cell_D_00000 9630
FabOnDisk: Cell_D_00000 11762
FabOnDisk: Cell_D_00000 13894
FabOnDisk: Cell_D_00000 15002
FabOnDisk: Cell_D_00000 17133
FabOnDisk: Cell_D_00000 19265
FabOnDisk: Cell_D_00000 21397
FabOnDisk: Cell_D_00000 22505
FabOnDisk: Cell_D_00000 23612
FabOnDisk: Cell_D_00000 24720
FabOnDisk: Cell_D_00000 25828
FabOnDisk: Cell_D_00000 26424
FabOnDisk: Cell_D_00000 27534

18,1
1.0001163622787401e+00,
1.0013837628275566e+00,
1.0009868241048325e+00,
1.0002015062672109e+00,
1.0035185337653467e+00,
1.0558396250176891e+00,
1.0113891514860474e+00,
1.0011328417434482e+00,
1.0009293242529826e+00,
1.0203783687286938e+00,
1.0060891153286406e+00,
1.0014739563019619e+00,
1.0002861534225638e+00,
1.0039438223043398e+00,
1.0008756614581109e+00,
1.0002932967196922e+00,
1.0003420826547518e+00,
1.0003240385709946e+00,

18,1
1.0434276076079785e+00,
1.0774472192620494e+00,
1.0672092086233536e+00,
1.0087913349615538e+00,
1.0963888880110808e+00,
1.1936859562508166e+00,
1.1760308439963085e+00,
1.0300220388801449e+00,
1.1017383574465938e+00,
1.1852616685181074e+00,
1.1584259376274968e+00,
1.0200756751801769e+00,
1.0163893651454172e+00,
1.0316408206751020e+00,
1.0277555363479836e+00,
1.0036667696095933e+00,
1.0042588280032276e+00,
1.0051405964333369e+00,

