1
1
1
0
(16 0
((0,0) (15,15) (0,0))
((16,0) (31,15) (0,0))
((32,0) (47,15) (0,0))
((48,0) (63,15) (0,0))
((0,16) (15,31) (0,0))
((16,16) (31,31) (0,0))
((32,16) (47,31) (0,0))
((48,16) (63,31) (0,0))
((0,32) (15,47) (0,0))
((16,32) (31,47) (0,0))
((32,32) (47,47) (0,0))
((48,32) (63,47) (0,0))
((0,48) (15,63) (0,0))
((16,48) (31,63) (0,0))
((32,48) (47,63) (0,0))
((48,48) (63,63) (0,0))
)
16
FabOnDisk: Cell_D_00000 0
FabOnDisk: Cell_D_00000 2130
FabOnDisk: Cell_D_00000 4261
FabOnDisk: Cell_D_00000 6392
FabOnDisk: Cell_D_00000 8523
FabOnDisk: Cell_D_00000 10654
FabOnDisk: Cell_D_00000 12786
FabOnDisk: Cell_D_00000 14918
FabOnDisk: Cell_D_00000 17050
FabOnDisk: Cell_D_00000 19181
FabOnDisk: Cell_D_00000 21313
FabOnDisk: Cell_D_00000 23445
FabOnDisk: Cell_D_00000 25577
FabOnDisk: Cell_D_00000 27708
FabOnDisk: Cell_D_00000 29840
FabOnDisk: Cell_D_00000 31972

16,1
1.0000000003505902e+00,
1.0000000015984789e+00,
1.0000004138563938e+00,
1.0000000852340520e+00,
1.0000000014755170e+00,
1.0000000060033256e+00,
1.0000012278922139e+00,
1.0000006760812581e+00,
1.0000004634645296e+00,
1.0000033916202600e+00,
1.0022647339184587e+00,
1.0000683602446041e+00,
1.0000000721753202e+00,
1.0000003354025571e+00,
1.0002023952115153e+00,
1.0000143709150946e+00,

16,1
1.0000066518580053e+00,
1.0001060734005709e+00,
1.0004548554684414e+00,
1.0002998992374947e+00,
1.0000373859907179e+00,
1.0010557898325074e+00,
1.0130260257289037e+00,
1.0094582380908261e+00,
1.0004542080986059e+00,
1.0130357489443693e+00,
1.1659191675602498e+00,
1.1204618850496997e+00,
1.0004311452084225e+00,
1.0094296633389999e+00,
1.1204985057996040e+00,
1.0875415985275527e+00,

