HyperCLaw-V1.1
1
phi
2
3.18198051533947
1
-1 -1 
1 1 
2 
((0,0) (63,63) (0,0)) ((0,0) (127,127) (0,0)) 
160 320 
0.03125 0.03125 
0.015625 0.015625 
0
0
0 16 3.18198051533947
160
-1 -0.5
-1 -0.5
-0.5 0
-1 -0.5
0 0.5
-1 -0.5
0.5 1
-1 -0.5
-1 -0.5
-0.5 0
-0.5 0
-0.5 0
0 0.5
-0.5 0
0.5 1
-0.5 0
-1 -0.5
0 0.5
-0.5 0
0 0.5
0 0.5
0 0.5
0.5 1
0 0.5
-1 -0.5
0.5 1
-0.5 0
0.5 1
0 0.5
0.5 1
0.5 1
0.5 1
Level_0/Cell
1 22 3.18198051533947
320
-1 -0.75
-1 -0.75
-0.75 -0.5
-1 -0.75
-0.5 -0.375
-1 -0.75
-1 -0.75
-0.75 -0.5
-0.75 -0.5
-0.75 -0.5
-0.5 -0.375
-0.75 -0.5
-1 -0.75
-0.5 -0.375
-0.75 -0.5
-0.5 -0.375
-0.5 -0.375
-0.5 -0.375
0.625 0.875
-1 -0.75
0.875 1
-1 -0.75
0.625 0.875
-0.75 -0.5
0.875 1
-0.75 -0.5
0.625 0.875
-0.5 -0.375
0.875 1
-0.5 -0.375
-1 -0.75
0.625 0.875
-0.75 -0.5
0.625 0.875
-0.5 -0.375
0.625 0.875
-1 -0.75
0.875 1
-0.75 -0.5
0.875 1
-0.5 -0.375
0.875 1
0.75 1
0.75 1
Level_1/Cell
