1
1
1
0
(16 0
((0,0) (15,15) (0,0))
((16,0) (31,15) (0,0))
((32,0) (47,15) (0,0))
((48,0) (63,15) (0,0))
((0,16) (15,31) (0,0))
((16,16) (31,31) (0,0))
((32,16) (47,31) (0,0))
((48,16) (63,31) (0,0))
((0,32) (15,47) (0,0))
((16,32) (31,47) (0,0))
((32,32) (47,47) (0,0))
((48,32) (63,47) (0,0))
((0,48) (15,63) (0,0))
((16,48) (31,63) (0,0))
((32,48) (47,63) (0,0))
((48,48) (63,63) (0,0))
)
16
FabOnDisk: Cell_D_00000 0
FabOnDisk: Cell_D_00000 2130
FabOnDisk: Cell_D_00000 4261
FabOnDisk: Cell_D_00000 6392
FabOnDisk: Cell_D_00000 8523
FabOnDisk: Cell_D_00000 10654
FabOnDisk: Cell_D_00000 12786
FabOnDisk: Cell_D_00000 14918
FabOnDisk: Cell_D_00000 17050
FabOnDisk: Cell_D_00000 19181
FabOnDisk: Cell_D_00000 21313
FabOnDisk: Cell_D_00000 23445
FabOnDisk: Cell_D_00000 25577
FabOnDisk: Cell_D_00000 27708
FabOnDisk: Cell_D_00000 29840
FabOnDisk: Cell_D_00000 31972

16,1
1.0040574203296997e+00,
1.0000004285526414e+00,
1.0000002495757245e+00,
1.0011045035628547e+00,
1.0000027071538291e+00,
1.0000000002347005e+00,
1.0000000001723997e+00,
1.0000010606548178e+00,
1.0000001012220299e+00,
1.0000000000118732e+00,
1.0000000000081255e+00,
1.0000000291314954e+00,
1.0000691178774845e+00,
1.0000000081169167e+00,
1.0000000037351426e+00,
1.0000155175773491e+00,

16,1
1.1228667276208901e+00,
1.0080553482479102e+00,
1.0023040423216540e+00,
1.1153476734742216e+00,
1.0321563567320411e+00,
1.0017177800859944e+00,
1.0007258654449935e+00,
1.0308929111827241e+00,
1.0003864533738758e+00,
1.0000374177150324e+00,
1.0000047538460750e+00,
1.0003385785184693e+00,
1.0757255311089913e+00,
1.0061374677744588e+00,
1.0011366169812472e+00,
1.0686559649811131e+00,

