1
1
1
0
(25 0
((0,0) (15,15) (0,0))
((16,0) (31,15) (0,0))
((0,16) (15,31) (0,0))
((16,16) (31,31) (0,0))
((88,0) (103,15) (0,0))
((104,0) (119,15) (0,0))
((120,0) (127,15) (0,0))
((88,16) (103,31) (0,0))
((104,16) (119,31) (0,0))
((120,16) (127,31) (0,0))
((0,88) (15,103) (0,0))
((16,88) (31,103) (0,0))
((0,104) (15,119) (0,0))
((16,104) (31,119) (0,0))
((0,120) (15,127) (0,0))
((16,120) (31,127) (0,0))
((88,88) (103,103) (0,0))
((104,88) (119,103) (0,0))
((120,88) (127,103) (0,0))
((88,104) (103,119) (0,0))
((104,104) (119,119) (0,0))
((120,104) (127,119) (0,0))
((88,120) (103,127) (0,0))
((104,120) (119,127) (0,0))
((120,120) (127,127) (0,0))
)
25
FabOnDisk: Cell_D_00000 0
FabOnDisk: Cell_D_00000 2130
FabOnDisk: Cell_D_00000 4261
FabOnDisk: Cell_D_00000 6392
FabOnDisk: Cell_D_00000 8524
FabOnDisk: Cell_D_00000 10656
FabOnDisk: Cell_D_00000 12789
FabOnDisk: Cell_D_00000 13898
FabOnDisk: Cell_D_00000 16031
FabOnDisk: Cell_D_00000 18165
FabOnDisk: Cell_D_00000 19275
FabOnDisk: Cell_D_00000 21407
FabOnDisk: Cell_D_00000 23540
FabOnDisk: Cell_D_00000 25673
FabOnDisk: Cell_D_00000 27807
FabOnDisk: Cell_D_00000 28916
FabOnDisk: Cell_D_00000 30026
FabOnDisk: Cell_D_00000 32160
FabOnDisk: Cell_D_00000 34295
FabOnDisk: Cell_D_00000 35406
FabOnDisk: Cell_D_00000 37541
FabOnDisk: Cell_D_00000 39677
FabOnDisk: Cell_D_00000 40789
FabOnDisk: Cell_D_00000 41900
FabOnDisk: Cell_D_00000 43012

25,1
1.0303823825212635e+00,
1.0046628376437341e+00,
1.0030653202148396e+00,
1.0008903751837430e+00,
1.0007636424450330e+00,
1.0129386581944906e+00,
1.0497677829621692e+00,
1.0002449105600353e+00,
1.0023175973008964e+00,
1.0061682261210656e+00,
1.0013288079546694e+00,
1.0003553013609352e+00,
1.0126735236623856e+00,
1.0010307035101611e+00,
1.0492796682489078e+00,
1.0045008308474677e+00,
1.0000702488188318e+00,
1.0001777482102561e+00,
1.0008250951275108e+00,
1.0006141468146068e+00,
1.0055118624493704e+00,
1.0210079657385351e+00,
1.0014480321787798e+00,
1.0211319783827097e+00,
1.0813983230384556e+00,

25,1
1.1114441120558556e+00,
1.0530310289769109e+00,
1.0531225100094761e+00,
1.0255075752138936e+00,
1.0216072084444270e+00,
1.0911707973391109e+00,
1.1113800164316585e+00,
1.0104149726194223e+00,
1.0436513476596072e+00,
1.0531122007470366e+00,
1.0215537287129790e+00,
1.0101565195346736e+00,
1.0910974530349864e+00,
1.0430740708757940e+00,
1.1113701917566330e+00,
1.0529569860555221e+00,
1.0042605433762213e+00,
1.0176209119850803e+00,
1.0215402662001039e+00,
1.0177681095449727e+00,
1.0745413435510451e+00,
1.0910490982428720e+00,
1.0216038288440150e+00,
1.0911107867424703e+00,
1.1113065108601852e+00,

