1
1
1
0
(16 0
((0,0) (15,15) (0,0))
((16,0) (31,15) (0,0))
((32,0) (47,15) (0,0))
((48,0) (63,15) (0,0))
((0,16) (15,31) (0,0))
((16,16) (31,31) (0,0))
((32,16) (47,31) (0,0))
((48,16) (63,31) (0,0))
((0,32) (15,47) (0,0))
((16,32) (31,47) (0,0))
((32,32) (47,47) (0,0))
((48,32) (63,47) (0,0))
((0,48) (15,63) (0,0))
((16,48) (31,63) (0,0))
((32,48) (47,63) (0,0))
((48,48) (63,63) (0,0))
)
16
FabOnDisk: Cell_D_00000 0
FabOnDisk: Cell_D_00000 2130
FabOnDisk: Cell_D_00000 4261
FabOnDisk: Cell_D_00000 6392
FabOnDisk: Cell_D_00000 8523
FabOnDisk: Cell_D_00000 10654
FabOnDisk: Cell_D_00000 12786
FabOnDisk: Cell_D_00000 14918
FabOnDisk: Cell_D_00000 17050
FabOnDisk: Cell_D_00000 19181
FabOnDisk: Cell_D_00000 21313
FabOnDisk: Cell_D_00000 23445
FabOnDisk: Cell_D_00000 25577
FabOnDisk: Cell_D_00000 27708
FabOnDisk: Cell_D_00000 29840
FabOnDisk: Cell_D_00000 31972

16,1
1.0000005772828204e+00,
1.0000003171309204e+00,
1.0000750183161520e+00,
1.0002426804243147e+00,
1.0000000241653766e+00,
1.0000000120975263e+00,
1.0000021082388386e+00,
1.0000087062118401e+00,
1.0000006193083371e+00,
1.0000002268520907e+00,
1.0000402746822739e+00,
1.0002031802259910e+00,
1.0000310298956365e+00,
1.0000147835233826e+00,
1.0030486817797575e+00,
1.0118003300482057e+00,

16,1
1.0089862693156186e+00,
1.0028071003419785e+00,
1.0496059042377313e+00,
1.0528813491299089e+00,
1.0001269914761692e+00,
1.0000444351025171e+00,
1.0006959169989411e+00,
1.0007264747125657e+00,
1.0094317792269007e+00,
1.0016013035120770e+00,
1.0370798027724548e+00,
1.0420387693935582e+00,
1.0167974009032126e+00,
1.0038564541927004e+00,
1.0780871678415673e+00,
1.0856072340623169e+00,

