1
1
1
0
(16 0
((0,0) (15,15) (0,0))
((16,0) (31,15) (0,0))
((32,0) (47,15) (0,0))
((48,0) (63,15) (0,0))
((0,16) (15,31) (0,0))
((16,16) (31,31) (0,0))
((32,16) (47,31) (0,0))
((48,16) (63,31) (0,0))
((0,32) (15,47) (0,0))
((16,32) (31,47) (0,0))
((32,32) (47,47) (0,0))
((48,32) (63,47) (0,0))
((0,48) (15,63) (0,0))
((16,48) (31,63) (0,0))
((32,48) (47,63) (0,0))
((48,48) (63,63) (0,0))
)
16
FabOnDisk: Cell_D_00000 0
FabOnDisk: Cell_D_00000 2130
FabOnDisk: Cell_D_00000 4261
FabOnDisk: Cell_D_00000 6392
FabOnDisk: Cell_D_00000 8523
FabOnDisk: Cell_D_00000 10654
FabOnDisk: Cell_D_00000 12786
FabOnDisk: Cell_D_00000 14918
FabOnDisk: Cell_D_00000 17050
FabOnDisk: Cell_D_00000 19181
FabOnDisk: Cell_D_00000 21313
FabOnDisk: Cell_D_00000 23445
FabOnDisk: Cell_D_00000 25577
FabOnDisk: Cell_D_00000 27708
FabOnDisk: Cell_D_00000 29840
FabOnDisk: Cell_D_00000 31972

16,1
1.0039752718459558e+00,
1.0000021233183058e+00,
1.0000000268350000e+00,
1.0000050328939460e+00,
1.0001024753480738e+00,
1.0000002522746811e+00,
1.0000000023160915e+00,
1.0000002662018541e+00,
1.0000000799252433e+00,
1.0000000004652680e+00,
1.0000000000035663e+00,
1.0000000001741349e+00,
1.0000004165836684e+00,
1.0000000072322028e+00,
1.0000000000176936e+00,
1.0000000008321250e+00,

16,1
1.2015949760192497e+00,
1.0506635002297919e+00,
1.0000158872085185e+00,
1.0539496000245454e+00,
1.1415701648573764e+00,
1.0274235834832595e+00,
1.0000116778412094e+00,
1.0407522164763512e+00,
1.0001904748374488e+00,
1.0000408261158629e+00,
1.0000001383035673e+00,
1.0000940342837854e+00,
1.0078652125654539e+00,
1.0022750900360196e+00,
1.0000014977154197e+00,
1.0013825145617092e+00,

