1
1
1
0
(9 0
((64,64) (79,79) (0,0))
((80,64) (95,79) (0,0))
((96,64) (103,79) (0,0))
((64,80) (79,95) (0,0))
((80,80) (95,95) (0,0))
((96,80) (103,95) (0,0))
((64,96) (79,103) (0,0))
((80,96) (95,103) (0,0))
((96,96) (103,103) (0,0))
)
9
FabOnDisk: Cell_D_00000 0
FabOnDisk: Cell_D_00000 2132
FabOnDisk: Cell_D_00000 4264
FabOnDisk: Cell_D_00000 5373
FabOnDisk: Cell_D_00000 7505
FabOnDisk: Cell_D_00000 9637
FabOnDisk: Cell_D_00000 10746
FabOnDisk: Cell_D_00000 11855
FabOnDisk: Cell_D_00000 12964

9,1
1.0000000052732425e+00,
1.0000053280036318e+00,
1.0000057976636831e+00,
1.0000176034951858e+00,
1.0674078432792899e+00,
1.0024378204995250e+00,
1.0000039639337786e+00,
1.0087695647932100e+00,
1.0003952245878569e+00,

9,1
1.0312818956376886e+00,
1.1302455200160912e+00,
1.0472550803555554e+00,
1.1811904741897641e+00,
1.6856554489592794e+00,
1.2586063812351813e+00,
1.0789335182512731e+00,
1.3015221987686545e+00,
1.0995795788431837e+00,

