1
1
1
0
(16 0
((0,0) (15,15) (0,0))
((16,0) (31,15) (0,0))
((32,0) (47,15) (0,0))
((48,0) (63,15) (0,0))
((0,16) (15,31) (0,0))
((16,16) (31,31) (0,0))
((32,16) (47,31) (0,0))
((48,16) (63,31) (0,0))
((0,32) (15,47) (0,0))
((16,32) (31,47) (0,0))
((32,32) (47,47) (0,0))
((48,32) (63,47) (0,0))
((0,48) (15,63) (0,0))
((16,48) (31,63) (0,0))
((32,48) (47,63) (0,0))
((48,48) (63,63) (0,0))
)
16
FabOnDisk: Cell_D_00000 0
FabOnDisk: Cell_D_00000 2130
FabOnDisk: Cell_D_00000 4261
FabOnDisk: Cell_D_00000 6392
FabOnDisk: Cell_D_00000 8523
FabOnDisk: Cell_D_00000 10654
FabOnDisk: Cell_D_00000 12786
FabOnDisk: Cell_D_00000 14918
FabOnDisk: Cell_D_00000 17050
FabOnDisk: Cell_D_00000 19181
FabOnDisk: Cell_D_00000 21313
FabOnDisk: Cell_D_00000 23445
FabOnDisk: Cell_D_00000 25577
FabOnDisk: Cell_D_00000 27708
FabOnDisk: Cell_D_00000 29840
FabOnDisk: Cell_D_00000 31972

16,1
1.0001706420890908e+00,
1.0003588133172652e+00,
1.0000023601351848e+00,
1.0000017678301119e+00,
1.0062730696490183e+00,
1.0104675636680818e+00,
1.0000657900972232e+00,
1.0000567786071102e+00,
1.0002654634617605e+00,
1.0003730590133308e+00,
1.0000023208108182e+00,
1.0000021541348680e+00,
1.0000155358876150e+00,
1.0000270988004598e+00,
1.0000001850766451e+00,
1.0000001645909899e+00,

16,1
1.0387996594039577e+00,
1.0404046235348647e+00,
1.0086262459911650e+00,
1.0037593068826625e+00,
1.0703029504232648e+00,
1.0720517569856565e+00,
1.0135169732185612e+00,
1.0076702944216200e+00,
1.0465876535914564e+00,
1.0471186283582428e+00,
1.0077233564060988e+00,
1.0057338304568257e+00,
1.0012603969487948e+00,
1.0012654772971918e+00,
1.0002402755667796e+00,
1.0001728730664667e+00,

