1
1
1
0
(16 0
((0,0) (15,15) (0,0))
((16,0) (31,15) (0,0))
((32,0) (47,15) (0,0))
((48,0) (63,15) (0,0))
((0,16) (15,31) (0,0))
((16,16) (31,31) (0,0))
((32,16) (47,31) (0,0))
((48,16) (63,31) (0,0))
((0,32) (15,47) (0,0))
((16,32) (31,47) (0,0))
((32,32) (47,47) (0,0))
((48,32) (63,47) (0,0))
((0,48) (15,63) (0,0))
((16,48) (31,63) (0,0))
((32,48) (47,63) (0,0))
((48,48) (63,63) (0,0))
)
16
FabOnDisk: Cell_D_00000 0
FabOnDisk: Cell_D_00000 2130
FabOnDisk: Cell_D_00000 4261
FabOnDisk: Cell_D_00000 6392
FabOnDisk: Cell_D_00000 8523
FabOnDisk: Cell_D_00000 10654
FabOnDisk: Cell_D_00000 12786
FabOnDisk: Cell_D_00000 14918
FabOnDisk: Cell_D_00000 17050
FabOnDisk: Cell_D_00000 19181
FabOnDisk: Cell_D_00000 21313
FabOnDisk: Cell_D_00000 23445
FabOnDisk: Cell_D_00000 25577
FabOnDisk: Cell_D_00000 27708
FabOnDisk: Cell_D_00000 29840
FabOnDisk: Cell_D_00000 31972

16,1
1.0000000001518363e+00,
1.0000000606908457e+00,
1.0000002028870563e+00,
1.0000000001773166e+00,
1.0000000109663945e+00,
1.0000039472298157e+00,
1.0000399524316963e+00,
1.0000000123652431e+00,
1.0000004635680435e+00,
1.0005326527465384e+00,
1.0011183289912875e+00,
1.0000005903391322e+00,
1.0000000017878083e+00,
1.0000023255973292e+00,
1.0000015244192766e+00,
1.0000000016667803e+00,

16,1
1.0000016620694261e+00,
1.0000836773776633e+00,
1.0001354899912422e+00,
1.0000238460087651e+00,
1.0008824723597061e+00,
1.0861543593293725e+00,
1.0867508669197918e+00,
1.0007906806819009e+00,
1.0016756044228132e+00,
1.1703753067982885e+00,
1.1690894973887427e+00,
1.0020230405590147e+00,
1.0002501961477026e+00,
1.0226932209489690e+00,
1.0227681374162632e+00,
1.0005619899906515e+00,

