1
1
1
0
(16 0
((0,0) (15,15) (0,0))
((16,0) (31,15) (0,0))
((32,0) (47,15) (0,0))
((48,0) (63,15) (0,0))
((0,16) (15,31) (0,0))
((16,16) (31,31) (0,0))
((32,16) (47,31) (0,0))
((48,16) (63,31) (0,0))
((0,32) (15,47) (0,0))
((16,32) (31,47) (0,0))
((32,32) (47,47) (0,0))
((48,32) (63,47) (0,0))
((0,48) (15,63) (0,0))
((16,48) (31,63) (0,0))
((32,48) (47,63) (0,0))
((48,48) (63,63) (0,0))
)
16
FabOnDisk: Cell_D_00000 0
FabOnDisk: Cell_D_00000 2130
FabOnDisk: Cell_D_00000 4261
FabOnDisk: Cell_D_00000 6392
FabOnDisk: Cell_D_00000 8523
FabOnDisk: Cell_D_00000 10654
FabOnDisk: Cell_D_00000 12786
FabOnDisk: Cell_D_00000 14918
FabOnDisk: Cell_D_00000 17050
FabOnDisk: Cell_D_00000 19181
FabOnDisk: Cell_D_00000 21313
FabOnDisk: Cell_D_00000 23445
FabOnDisk: Cell_D_00000 25577
FabOnDisk: Cell_D_00000 27708
FabOnDisk: Cell_D_00000 29840
FabOnDisk: Cell_D_00000 31972

16,1
1.0000000000000024e+00,
1.0000000000000000e+00,
1.0000000000000000e+00,
1.0000000000672626e+00,
1.0000000000000000e+00,
1.0000000000000000e+00,
1.0000000000000000e+00,
1.0000000000000000e+00,
1.0000000000000000e+00,
1.0000000000000000e+00,
9.9999981888431644e-01,
1.0000000000048574e+00,
1.0000000000588598e+00,
1.0000000000000000e+00,
1.0000000000068956e+00,
1.0001643957341626e+00,

16,1
1.0032076734558868e+00,
1.0000000000255833e+00,
1.0002726807096392e+00,
1.0405761015036616e+00,
1.0000000000243179e+00,
1.0000000000000020e+00,
1.0000000000047879e+00,
1.0000000001390104e+00,
1.0003018786220379e+00,
1.0000000000044553e+00,
1.0000247957618991e+00,
1.0035356007071916e+00,
1.0405942802171413e+00,
1.0000000001390383e+00,
1.0035299602864145e+00,
1.5212278513251927e+00,

