1
1
1
0
(16 0
((0,0) (15,15) (0,0))
((16,0) (31,15) (0,0))
((32,0) (47,15) (0,0))
((48,0) (63,15) (0,0))
((0,16) (15,31) (0,0))
((16,16) (31,31) (0,0))
((32,16) (47,31) (0,0))
((48,16) (63,31) (0,0))
((0,32) (15,47) (0,0))
((16,32) (31,47) (0,0))
((32,32) (47,47) (0,0))
((48,32) (63,47) (0,0))
((0,48) (15,63) (0,0))
((16,48) (31,63) (0,0))
((32,48) (47,63) (0,0))
((48,48) (63,63) (0,0))
)
16
FabOnDisk: Cell_D_00000 0
FabOnDisk: Cell_D_00000 2130
FabOnDisk: Cell_D_00000 4261
FabOnDisk: Cell_D_00000 6392
FabOnDisk: Cell_D_00000 8523
FabOnDisk: Cell_D_00000 10654
FabOnDisk: Cell_D_00000 12786
FabOnDisk: Cell_D_00000 14918
FabOnDisk: Cell_D_00000 17050
FabOnDisk: Cell_D_00000 19181
FabOnDisk: Cell_D_00000 21313
FabOnDisk: Cell_D_00000 23445
FabOnDisk: Cell_D_00000 25577
FabOnDisk: Cell_D_00000 27708
FabOnDisk: Cell_D_00000 29840
FabOnDisk: Cell_D_00000 31972

16,1
1.0002053710673899e+00,
1.0000006651504907e+00,
1.0000007134320801e+00,
1.0003726045589487e+00,
1.0000007754451823e+00,
1.0000000023551117e+00,
1.0000000027125073e+00,
1.0000006782820041e+00,
1.0000013557692218e+00,
1.0000000026042541e+00,
1.0000000028775549e+00,
1.0000005959946654e+00,
1.0001615302348801e+00,
1.0000006819368925e+00,
1.0000010185319390e+00,
1.0003373748351461e+00,

16,1
1.1422155984806206e+00,
1.0020466945013649e+00,
1.0038134035117838e+00,
1.1457911998783741e+00,
1.0018223352411877e+00,
1.0001137847890551e+00,
1.0002064590953852e+00,
1.0020456220891618e+00,
1.0040100703751684e+00,
1.0000958012098118e+00,
1.0001616650486445e+00,
1.0040070773413605e+00,
1.1457749350804733e+00,
1.0019223182027177e+00,
1.0040021726796635e+00,
1.1494425176825134e+00,

