1
1
1
0
(16 0
((0,0) (15,15) (0,0))
((16,0) (31,15) (0,0))
((32,0) (47,15) (0,0))
((48,0) (63,15) (0,0))
((0,16) (15,31) (0,0))
((16,16) (31,31) (0,0))
((32,16) (47,31) (0,0))
((48,16) (63,31) (0,0))
((0,32) (15,47) (0,0))
((16,32) (31,47) (0,0))
((32,32) (47,47) (0,0))
((48,32) (63,47) (0,0))
((0,48) (15,63) (0,0))
((16,48) (31,63) (0,0))
((32,48) (47,63) (0,0))
((48,48) (63,63) (0,0))
)
16
FabOnDisk: Cell_D_00000 0
FabOnDisk: Cell_D_00000 2130
FabOnDisk: Cell_D_00000 4261
FabOnDisk: Cell_D_00000 6392
FabOnDisk: Cell_D_00000 8523
FabOnDisk: Cell_D_00000 10654
FabOnDisk: Cell_D_00000 12786
FabOnDisk: Cell_D_00000 14918
FabOnDisk: Cell_D_00000 17050
FabOnDisk: Cell_D_00000 19181
FabOnDisk: Cell_D_00000 21313
FabOnDisk: Cell_D_00000 23445
FabOnDisk: Cell_D_00000 25577
FabOnDisk: Cell_D_00000 27708
FabOnDisk: Cell_D_00000 29840
FabOnDisk: Cell_D_00000 31972

16,1
1.0000000076009397e+00,
1.0000004098824895e+00,
1.0000000000000075e+00,
1.0000000000000071e+00,
1.0000018930559793e+00,
1.0000079316526056e+00,
1.0000000000003746e+00,
1.0000000000003677e+00,
1.0000000000013085e+00,
1.0000000000017770e+00,
1.0000000000000031e+00,
1.0000000000000020e+00,
1.0000000000000369e+00,
1.0000000000003249e+00,
1.0000000000000018e+00,
1.0000000000000009e+00,

16,1
1.2241780987059059e+00,
1.2323368368166183e+00,
1.0000774518209876e+00,
1.0000211884965764e+00,
1.3095626554173532e+00,
1.3480813467506365e+00,
1.0001534188288461e+00,
1.0000345534431692e+00,
1.0006909958446419e+00,
1.0006944094029535e+00,
1.0000016283314970e+00,
1.0000008490472629e+00,
1.0000038822540502e+00,
1.0000078559019379e+00,
1.0000001752219327e+00,
1.0000000013263661e+00,

