1
1
1
0
(16 0
((0,0) (15,15) (0,0))
((16,0) (31,15) (0,0))
((32,0) (47,15) (0,0))
((48,0) (63,15) (0,0))
((0,16) (15,31) (0,0))
((16,16) (31,31) (0,0))
((32,16) (47,31) (0,0))
((48,16) (63,31) (0,0))
((0,32) (15,47) (0,0))
((16,32) (31,47) (0,0))
((32,32) (47,47) (0,0))
((48,32) (63,47) (0,0))
((0,48) (15,63) (0,0))
((16,48) (31,63) (0,0))
((32,48) (47,63) (0,0))
((48,48) (63,63) (0,0))
)
16
FabOnDisk: Cell_D_00000 0
FabOnDisk: Cell_D_00000 2130
FabOnDisk: Cell_D_00000 4261
FabOnDisk: Cell_D_00000 6392
FabOnDisk: Cell_D_00000 8523
FabOnDisk: Cell_D_00000 10654
FabOnDisk: Cell_D_00000 12786
FabOnDisk: Cell_D_00000 14918
FabOnDisk: Cell_D_00000 17050
FabOnDisk: Cell_D_00000 19181
FabOnDisk: Cell_D_00000 21313
FabOnDisk: Cell_D_00000 23445
FabOnDisk: Cell_D_00000 25577
FabOnDisk: Cell_D_00000 27708
FabOnDisk: Cell_D_00000 29840
FabOnDisk: Cell_D_00000 31972

16,1
1.0130834371636979e+00,
1.0000294936431655e+00,
1.0000002921719895e+00,
1.0000510966055938e+00,
1.0007818647501090e+00,
1.0000015510000120e+00,
1.0000000177103561e+00,
1.0000035915350685e+00,
1.0000009938428085e+00,
1.0000000025414846e+00,
1.0000000000284124e+00,
1.0000000036799785e+00,
1.0000131974244033e+00,
1.0000000443923345e+00,
1.0000000003217042e+00,
1.0000000434259493e+00,

16,1
1.1165788513321933e+00,
1.0516553723857336e+00,
1.0001292373383390e+00,
1.0495429836404400e+00,
1.0959992010470552e+00,
1.0375463021218723e+00,
1.0001409023540826e+00,
1.0453360524197237e+00,
1.0009869395300162e+00,
1.0003484655496198e+00,
1.0000017873923355e+00,
1.0005042100501751e+00,
1.0192566545133308e+00,
1.0093600462186341e+00,
1.0000186704460841e+00,
1.0074527331394625e+00,

