1
1
1
0
(25 0
((48,48) (63,63) (0,0))
((64,48) (79,63) (0,0))
((80,48) (95,63) (0,0))
((96,48) (111,63) (0,0))
((112,48) (119,63) (0,0))
((48,64) (63,79) (0,0))
((64,64) (79,79) (0,0))
((80,64) (95,79) (0,0))
((96,64) (111,79) (0,0))
((112,64) (119,79) (0,0))
((48,80) (63,95) (0,0))
((64,80) (79,95) (0,0))
((80,80) (95,95) (0,0))
((96,80) (111,95) (0,0))
((112,80) (119,95) (0,0))
((48,96) (63,111) (0,0))
((64,96) (79,111) (0,0))
((80,96) (95,111) (0,0))
((96,96) (111,111) (0,0))
((112,96) (119,111) (0,0))
((48,112) (63,119) (0,0))
((64,112) (79,119) (0,0))
((80,112) (95,119) (0,0))
((96,112) (111,119) (0,0))
((112,112) (119,119) (0,0))
)
25
FabOnDisk: Cell_D_00000 0
FabOnDisk: Cell_D_00000 2132
FabOnDisk: Cell_D_00000 4264
FabOnDisk: Cell_D_00000 6396
FabOnDisk: Cell_D_00000 8529
FabOnDisk: Cell_D_00000 9639
FabOnDisk: Cell_D_00000 11771
FabOnDisk: Cell_D_00000 13903
FabOnDisk: Cell_D_00000 16035
FabOnDisk: Cell_D_00000 18168
FabOnDisk: Cell_D_00000 19278
FabOnDisk: Cell_D_00000 21410
FabOnDisk: Cell_D_00000 23542
FabOnDisk: Cell_D_00000 25674
FabOnDisk: Cell_D_00000 27807
FabOnDisk: Cell_D_00000 28917
FabOnDisk: Cell_D_00000 31050
FabOnDisk: Cell_D_00000 33183
FabOnDisk: Cell_D_00000 35316
FabOnDisk: Cell_D_00000 37450
FabOnDisk: Cell_D_00000 38561
FabOnDisk: Cell_D_00000 39671
FabOnDisk: Cell_D_00000 40781
FabOnDisk: Cell_D_00000 41891
FabOnDisk: Cell_D_00000 43002

25,1
1.0000543268787427e+00,
1.0001543125099168e+00,
1.0007509128166585e+00,
1.0007334479147800e+00,
1.0002201067350247e+00,
1.0005314159808625e+00,
1.0055982268542352e+00,
1.0212396565740560e+00,
1.0040807573311790e+00,
1.0007701048474542e+00,
1.0010078142194152e+00,
1.0213193135715242e+00,
1.0821537414771945e+00,
1.0171911696357798e+00,
1.0035064336080921e+00,
1.0003021389186333e+00,
1.0048901089801192e+00,
1.0166267589804958e+00,
1.0039753594459482e+00,
1.0017896073140768e+00,
1.0001821624718608e+00,
1.0018548493608721e+00,
1.0035808765597807e+00,
1.0009127686650727e+00,
1.0005603820905695e+00,

25,1
1.0042622317907417e+00,
1.0187301452830102e+00,
1.0225286831849447e+00,
1.0175619473783752e+00,
1.0029824798188807e+00,
1.0188548567069962e+00,
1.0838730861475441e+00,
1.1008442109248955e+00,
1.0786769451410954e+00,
1.0137946580393062e+00,
1.0225807757204302e+00,
1.1009071542851021e+00,
1.1213436939719961e+00,
1.0947756774947863e+00,
1.0174411845932994e+00,
1.0176295500235761e+00,
1.0789181784169559e+00,
1.0948491096234221e+00,
1.0741411475673663e+00,
1.0144774706896587e+00,
1.0037897756551084e+00,
1.0151650997142310e+00,
1.0175965913445484e+00,
1.0133660590797020e+00,
1.0030586353336051e+00,

