1
1
1
0
(16 0
((0,0) (15,15) (0,0))
((16,0) (31,15) (0,0))
((32,0) (47,15) (0,0))
((48,0) (63,15) (0,0))
((0,16) (15,31) (0,0))
((16,16) (31,31) (0,0))
((32,16) (47,31) (0,0))
((48,16) (63,31) (0,0))
((0,32) (15,47) (0,0))
((16,32) (31,47) (0,0))
((32,32) (47,47) (0,0))
((48,32) (63,47) (0,0))
((0,48) (15,63) (0,0))
((16,48) (31,63) (0,0))
((32,48) (47,63) (0,0))
((48,48) (63,63) (0,0))
)
16
FabOnDisk: Cell_D_00000 0
FabOnDisk: Cell_D_00000 2130
FabOnDisk: Cell_D_00000 4261
FabOnDisk: Cell_D_00000 6392
FabOnDisk: Cell_D_00000 8523
FabOnDisk: Cell_D_00000 10654
FabOnDisk: Cell_D_00000 12786
FabOnDisk: Cell_D_00000 14918
FabOnDisk: Cell_D_00000 17050
FabOnDisk: Cell_D_00000 19181
FabOnDisk: Cell_D_00000 21313
FabOnDisk: Cell_D_00000 23445
FabOnDisk: Cell_D_00000 25577
FabOnDisk: Cell_D_00000 27708
FabOnDisk: Cell_D_00000 29840
FabOnDisk: Cell_D_00000 31972

16,1
1.0011482170867372e+00,
1.0000027529494222e+00,
1.0000031970503751e+00,
1.0023415995836271e+00,
1.0000044384746358e+00,
1.0000000238732234e+00,
1.0000000367271702e+00,
1.0000146653162920e+00,
1.0000009524046627e+00,
1.0000000037450225e+00,
1.0000000041024968e+00,
1.0000007490432492e+00,
1.0000692814508438e+00,
1.0000001365030509e+00,
1.0000001846293036e+00,
1.0000172273876518e+00,

16,1
1.1322768303840458e+00,
1.0020036381010327e+00,
1.0070158759290704e+00,
1.1418072928146743e+00,
1.0232638710640787e+00,
1.0005771186934698e+00,
1.0012292366427398e+00,
1.0251275415242362e+00,
1.0003186391887990e+00,
1.0000463400290114e+00,
1.0000089997100781e+00,
1.0002412306166508e+00,
1.0819073896612366e+00,
1.0010204121272850e+00,
1.0031001300372877e+00,
1.0828226471715958e+00,

