1
1
1
0
(16 0
((40,48) (55,63) (0,0))
((56,48) (71,63) (0,0))
((72,48) (87,63) (0,0))
((88,48) (95,63) (0,0))
((40,64) (55,79) (0,0))
((56,64) (71,79) (0,0))
((72,64) (87,79) (0,0))
((88,64) (95,79) (0,0))
((40,80) (55,95) (0,0))
((56,80) (71,95) (0,0))
((72,80) (87,95) (0,0))
((88,80) (95,95) (0,0))
((40,96) (55,103) (0,0))
((56,96) (71,103) (0,0))
((72,96) (87,103) (0,0))
((88,96) (95,103) (0,0))
)
16
FabOnDisk: Cell_D_00000 0
FabOnDisk: Cell_D_00000 2132
FabOnDisk: Cell_D_00000 4264
FabOnDisk: Cell_D_00000 6396
FabOnDisk: Cell_D_00000 7504
FabOnDisk: Cell_D_00000 9636
FabOnDisk: Cell_D_00000 11768
FabOnDisk: Cell_D_00000 13900
FabOnDisk: Cell_D_00000 15008
FabOnDisk: Cell_D_00000 17140
FabOnDisk: Cell_D_00000 19272
FabOnDisk: Cell_D_00000 21404
FabOnDisk: Cell_D_00000 22512
FabOnDisk: Cell_D_00000 23621
FabOnDisk: Cell_D_00000 24730
FabOnDisk: Cell_D_00000 25839

16,1
1.0000061615757396e+00,
1.0001233912724681e+00,
1.0005840812257576e+00,
1.0000714558394515e+00,
1.0004207672635914e+00,
1.0428635714212164e+00,
1.0083635746369231e+00,
1.0004635267066380e+00,
1.0000452923346135e+00,
1.0060402232947452e+00,
1.0020271201886739e+00,
1.0004498875739736e+00,
1.0000138213689307e+00,
1.0005412294771057e+00,
1.0001724971150110e+00,
1.0000346885814189e+00,

16,1
1.0279202769157356e+00,
1.0946268803328185e+00,
1.0863557341850021e+00,
1.0061675954361207e+00,
1.0593942409026089e+00,
1.2828297136067470e+00,
1.2810085116653811e+00,
1.0397897005973034e+00,
1.0654220791062381e+00,
1.2507395607273757e+00,
1.2340766724386716e+00,
1.0179141527762834e+00,
1.0044444530119694e+00,
1.0146552343991890e+00,
1.0131213264096190e+00,
1.0009457993050508e+00,

