1
1
1
0
(16 0
((0,0) (15,15) (0,0))
((16,0) (31,15) (0,0))
((32,0) (47,15) (0,0))
((48,0) (63,15) (0,0))
((0,16) (15,31) (0,0))
((16,16) (31,31) (0,0))
((32,16) (47,31) (0,0))
((48,16) (63,31) (0,0))
((0,32) (15,47) (0,0))
((16,32) (31,47) (0,0))
((32,32) (47,47) (0,0))
((48,32) (63,47) (0,0))
((0,48) (15,63) (0,0))
((16,48) (31,63) (0,0))
((32,48) (47,63) (0,0))
((48,48) (63,63) (0,0))
)
16
FabOnDisk: Cell_D_00000 0
FabOnDisk: Cell_D_00000 2130
FabOnDisk: Cell_D_00000 4261
FabOnDisk: Cell_D_00000 6392
FabOnDisk: Cell_D_00000 8523
FabOnDisk: Cell_D_00000 10654
FabOnDisk: Cell_D_00000 12786
FabOnDisk: Cell_D_00000 14918
FabOnDisk: Cell_D_00000 17050
FabOnDisk: Cell_D_00000 19181
FabOnDisk: Cell_D_00000 21313
FabOnDisk: Cell_D_00000 23445
FabOnDisk: Cell_D_00000 25577
FabOnDisk: Cell_D_00000 27708
FabOnDisk: Cell_D_00000 29840
FabOnDisk: Cell_D_00000 31972

16,1
1.0000232946449459e+00,
1.0000004762460386e+00,
1.0000071141869062e+00,
1.0014395943197192e+00,
1.0000000979180970e+00,
1.0000000021927340e+00,
1.0000000242508982e+00,
1.0000022301945395e+00,
1.0000001815016455e+00,
1.0000000023147213e+00,
1.0000000250984407e+00,
1.0000022152570200e+00,
1.0000181038332505e+00,
1.0000006121788769e+00,
1.0000159100592829e+00,
1.0016394348284046e+00,

16,1
1.0552092534897324e+00,
1.0001364464180786e+00,
1.0515001033908300e+00,
1.1426276673471838e+00,
1.0007416200329540e+00,
1.0000085155339349e+00,
1.0009677250823643e+00,
1.0020772367279851e+00,
1.0023455114116053e+00,
1.0000126577403230e+00,
1.0006324561067221e+00,
1.0038656699158945e+00,
1.0622147879412551e+00,
1.0001783033732592e+00,
1.0524272022930234e+00,
1.1463666848682286e+00,

