1
1
1
0
(22 0
((0,0) (15,15) (0,0))
((16,0) (31,15) (0,0))
((32,0) (47,15) (0,0))
((48,0) (55,15) (0,0))
((0,16) (15,31) (0,0))
((16,16) (31,31) (0,0))
((32,16) (47,31) (0,0))
((48,16) (55,31) (0,0))
((0,32) (15,47) (0,0))
((16,32) (31,47) (0,0))
((32,32) (47,47) (0,0))
((48,32) (55,47) (0,0))
((0,48) (15,55) (0,0))
((16,48) (31,55) (0,0))
((32,48) (47,55) (0,0))
((48,48) (55,55) (0,0))
((120,0) (127,15) (0,0))
((120,16) (127,31) (0,0))
((120,32) (127,47) (0,0))
((0,120) (15,127) (0,0))
((16,120) (31,127) (0,0))
((32,120) (47,127) (0,0))
)
22
FabOnDisk: Cell_D_00000 0
FabOnDisk: Cell_D_00000 2130
FabOnDisk: Cell_D_00000 4261
FabOnDisk: Cell_D_00000 6392
FabOnDisk: Cell_D_00000 7499
FabOnDisk: Cell_D_00000 9630
FabOnDisk: Cell_D_00000 11762
FabOnDisk: Cell_D_00000 13894
FabOnDisk: Cell_D_00000 15002
FabOnDisk: Cell_D_00000 17133
FabOnDisk: Cell_D_00000 19265
FabOnDisk: Cell_D_00000 21397
FabOnDisk: Cell_D_00000 22505
FabOnDisk: Cell_D_00000 23612
FabOnDisk: Cell_D_00000 24720
FabOnDisk: Cell_D_00000 25828
FabOnDisk: Cell_D_00000 26424
FabOnDisk: Cell_D_00000 27533
FabOnDisk: Cell_D_00000 28643
FabOnDisk: Cell_D_00000 29753
FabOnDisk: Cell_D_00000 30862
FabOnDisk: Cell_D_00000 31972

22,1
1.0034638748568385e+00,
1.0180777292994287e+00,
1.0026323680547293e+00,
1.0004967153375042e+00,
1.0181127271889845e+00,
1.0931055324225498e+00,
1.0151884488844400e+00,
1.0025557897442263e+00,
1.0034719215892101e+00,
1.0151367905056436e+00,
1.0030425715783025e+00,
1.0012807634917054e+00,
1.0012094067229897e+00,
1.0027846532449773e+00,
1.0006280173358211e+00,
1.0003520904043415e+00,
1.0008953948830990e+00,
1.0036961252481764e+00,
1.0008286427844761e+00,
1.0005707219084623e+00,
1.0037816809487328e+00,
1.0008163788677189e+00,

22,1
1.0881422270497776e+00,
1.1112894738993009e+00,
1.0853979765077115e+00,
1.0117366061796547e+00,
1.1113444251305291e+00,
1.1406045647044412e+00,
1.1080039928621968e+00,
1.0158051972552846e+00,
1.0856299230278406e+00,
1.1080762947133107e+00,
1.0830778927961742e+00,
1.0130507944236513e+00,
1.0132204383462939e+00,
1.0158879671345415e+00,
1.0117690644210775e+00,
1.0022788559444256e+00,
1.0150968371328848e+00,
1.0189460748531256e+00,
1.0145321420673927e+00,
1.0149583915284184e+00,
1.0189096875424406e+00,
1.0145129351162703e+00,

