HyperCLaw-V1.1
1
phi
2
5.96621346626147
1
-1 -1 
1 1 
2 
((0,0) (63,63) (0,0)) ((0,0) (127,127) (0,0)) 
300 600 
0.03125 0.03125 
0.015625 0.015625 
0
0
0 16 5.96621346626147
300
-1 -0.5
-1 -0.5
-0.5 0
-1 -0.5
0 0.5
-1 -0.5
0.5 1
-1 -0.5
-1 -0.5
-0.5 0
-0.5 0
-0.5 0
0 0.5
-0.5 0
0.5 1
-0.5 0
-1 -0.5
0 0.5
-0.5 0
0 0.5
0 0.5
0 0.5
0.5 1
0 0.5
-1 -0.5
0.5 1
-0.5 0
0.5 1
0 0.5
0.5 1
0.5 1
0.5 1
Level_0/Cell
1 25 5.96621346626147
600
-0.875 -0.625
-0.625 -0.375
-0.625 -0.375
-0.625 -0.375
-0.375 -0.125
-0.625 -0.375
-0.125 0.125
-0.625 -0.375
0.125 0.25
-0.625 -0.375
-0.875 -0.625
-0.375 -0.125
-0.625 -0.375
-0.375 -0.125
-0.375 -0.125
-0.375 -0.125
-0.125 0.125
-0.375 -0.125
0.125 0.25
-0.375 -0.125
-0.875 -0.625
-0.125 0.125
-0.625 -0.375
-0.125 0.125
-0.375 -0.125
-0.125 0.125
-0.125 0.125
-0.125 0.125
0.125 0.25
-0.125 0.125
-0.875 -0.625
0.125 0.375
-0.625 -0.375
0.125 0.375
-0.375 -0.125
0.125 0.375
-0.125 0.125
0.125 0.375
0.125 0.25
0.125 0.375
-0.875 -0.625
0.375 0.5
-0.625 -0.375
0.375 0.5
-0.375 -0.125
0.375 0.5
-0.125 0.125
0.375 0.5
0.125 0.25
0.375 0.5
Level_1/Cell
