1
1
1
0
(16 0
((16,16) (31,31) (0,0))
((32,16) (47,31) (0,0))
((48,16) (63,31) (0,0))
((64,16) (79,31) (0,0))
((16,32) (31,47) (0,0))
((32,32) (47,47) (0,0))
((48,32) (63,47) (0,0))
((64,32) (79,47) (0,0))
((16,48) (31,63) (0,0))
((32,48) (47,63) (0,0))
((48,48) (63,63) (0,0))
((64,48) (79,63) (0,0))
((16,64) (31,79) (0,0))
((32,64) (47,79) (0,0))
((48,64) (63,79) (0,0))
((64,64) (79,79) (0,0))
)
16
FabOnDisk: Cell_D_00000 0
FabOnDisk: Cell_D_00000 2132
FabOnDisk: Cell_D_00000 4264
FabOnDisk: Cell_D_00000 6396
FabOnDisk: Cell_D_00000 8528
FabOnDisk: Cell_D_00000 10660
FabOnDisk: Cell_D_00000 12792
FabOnDisk: Cell_D_00000 14924
FabOnDisk: Cell_D_00000 17056
FabOnDisk: Cell_D_00000 19188
FabOnDisk: Cell_D_00000 21320
FabOnDisk: Cell_D_00000 23452
FabOnDisk: Cell_D_00000 25584
FabOnDisk: Cell_D_00000 27716
FabOnDisk: Cell_D_00000 29848
FabOnDisk: Cell_D_00000 31980

16,1
1.0002065214588112e+00,
1.0013325068122245e+00,
1.0024536466871443e+00,
1.0003056365131278e+00,
1.0019794220471194e+00,
1.0220451415128977e+00,
1.0274599177664601e+00,
1.0017248365699336e+00,
1.0019404107667071e+00,
1.0279125704288210e+00,
1.0350810351525177e+00,
1.0042574654009697e+00,
1.0004425165744111e+00,
1.0033410102222311e+00,
1.0025477106279375e+00,
1.0006356568294676e+00,

16,1
1.0176995213612883e+00,
1.0478372171128649e+00,
1.0482773451633323e+00,
1.0222476473807185e+00,
1.0478971662870442e+00,
1.1297399361408913e+00,
1.1309475120027428e+00,
1.0609278977435936e+00,
1.0483435822988032e+00,
1.1309654975551346e+00,
1.1321859440594690e+00,
1.0615811384821061e+00,
1.0227321168023278e+00,
1.0611310612839200e+00,
1.0616584308018224e+00,
1.0289249429559049e+00,

