1
1
1
0
(19 0
((64,0) (79,15) (0,0))
((80,0) (95,15) (0,0))
((96,0) (111,15) (0,0))
((112,0) (119,15) (0,0))
((56,80) (71,95) (0,0))
((72,80) (87,95) (0,0))
((88,80) (103,95) (0,0))
((104,80) (119,95) (0,0))
((120,80) (127,95) (0,0))
((56,96) (71,111) (0,0))
((72,96) (87,111) (0,0))
((88,96) (103,111) (0,0))
((104,96) (119,111) (0,0))
((120,96) (127,111) (0,0))
((56,112) (71,127) (0,0))
((72,112) (87,127) (0,0))
((88,112) (103,127) (0,0))
((104,112) (119,127) (0,0))
((120,112) (127,127) (0,0))
)
19
FabOnDisk: Cell_D_00000 0
FabOnDisk: Cell_D_00000 2131
FabOnDisk: Cell_D_00000 4262
FabOnDisk: Cell_D_00000 6394
FabOnDisk: Cell_D_00000 7503
FabOnDisk: Cell_D_00000 9635
FabOnDisk: Cell_D_00000 11767
FabOnDisk: Cell_D_00000 13900
FabOnDisk: Cell_D_00000 16034
FabOnDisk: Cell_D_00000 17144
FabOnDisk: Cell_D_00000 19277
FabOnDisk: Cell_D_00000 21410
FabOnDisk: Cell_D_00000 23544
FabOnDisk: Cell_D_00000 25679
FabOnDisk: Cell_D_00000 26790
FabOnDisk: Cell_D_00000 28924
FabOnDisk: Cell_D_00000 31058
FabOnDisk: Cell_D_00000 33193
FabOnDisk: Cell_D_00000 35329

19,1
1.0008035503650097e+00,
1.0045871573325038e+00,
1.0030906722378781e+00,
1.0014226479842461e+00,
1.0001899638097085e+00,
1.0009435574902708e+00,
1.0040548962934486e+00,
1.0018627163232630e+00,
1.0005011311470167e+00,
1.0011720193467730e+00,
1.0145271330865941e+00,
1.0423564590893915e+00,
1.0095297571680049e+00,
1.0018979041450842e+00,
1.0008841048917905e+00,
1.0180128277374820e+00,
1.0474446918538047e+00,
1.0100966081203473e+00,
1.0038564728789043e+00,

19,1
1.0339899374820882e+00,
1.0568699995402107e+00,
1.0551672385662900e+00,
1.0202609579858062e+00,
1.0118799103695615e+00,
1.0409975652490087e+00,
1.0469347656104402e+00,
1.0368641611456031e+00,
1.0074846856426938e+00,
1.0289915935736336e+00,
1.0995440179357876e+00,
1.1112831109152770e+00,
1.0827887080384568e+00,
1.0192339451292878e+00,
1.0301073174870465e+00,
1.1010802693439778e+00,
1.1118864743116035e+00,
1.0900049674066701e+00,
1.0220485923960227e+00,

