1
1
1
0
(13 0
((96,0) (111,7) (0,0))
((112,0) (127,7) (0,0))
((88,88) (103,103) (0,0))
((104,88) (119,103) (0,0))
((120,88) (127,103) (0,0))
((88,104) (103,119) (0,0))
((104,104) (119,119) (0,0))
((120,104) (127,119) (0,0))
((88,120) (103,127) (0,0))
((104,120) (119,127) (0,0))
((120,120) (127,127) (0,0))
((0,104) (7,119) (0,0))
((0,120) (7,127) (0,0))
)
13
FabOnDisk: Cell_D_00000 0
FabOnDisk: Cell_D_00000 1107
FabOnDisk: Cell_D_00000 2215
FabOnDisk: Cell_D_00000 4349
FabOnDisk: Cell_D_00000 6484
FabOnDisk: Cell_D_00000 7595
FabOnDisk: Cell_D_00000 9730
FabOnDisk: Cell_D_00000 11866
FabOnDisk: Cell_D_00000 12978
FabOnDisk: Cell_D_00000 14089
FabOnDisk: Cell_D_00000 15201
FabOnDisk: Cell_D_00000 15801
FabOnDisk: Cell_D_00000 16909

13,1
1.0001793908082510e+00,
1.0000802524555654e+00,
1.0000000481668454e+00,
1.0000097059256379e+00,
1.0000600660843244e+00,
1.0001140397895771e+00,
1.0618001739487779e+00,
1.0052091891635480e+00,
1.0000391901080814e+00,
1.0330685367726939e+00,
1.0031026208008371e+00,
1.0000824925409051e+00,
1.0002864477591447e+00,

13,1
1.0488460353591087e+00,
1.0482138949768962e+00,
1.0330271010708068e+00,
1.0986788763790196e+00,
1.0464189811767683e+00,
1.1555732855830598e+00,
1.5183654296615205e+00,
1.3028049860769000e+00,
1.1109182749894844e+00,
1.3531993727161746e+00,
1.1738704370735233e+00,
1.0349700183344859e+00,
1.0165233221521983e+00,

