HyperCLaw-V1.1
1
phi
2
6.56283481288761
1
-1 -1 
1 1 
2 
((0,0) (63,63) (0,0)) ((0,0) (127,127) (0,0)) 
330 660 
0.03125 0.03125 
0.015625 0.015625 
0
0
0 16 6.56283481288761
330
-1 -0.5
-1 -0.5
-0.5 0
-1 -0.5
0 0.5
-1 -0.5
0.5 1
-1 -0.5
-1 -0.5
-0.5 0
-0.5 0
-0.5 0
0 0.5
-0.5 0
0.5 1
-0.5 0
-1 -0.5
0 0.5
-0.5 0
0 0.5
0 0.5
0 0.5
0.5 1
0 0.5
-1 -0.5
0.5 1
-0.5 0
0.5 1
0 0.5
0.5 1
0.5 1
0.5 1
Level_0/Cell
1 16 6.56283481288761
660
-0.25 0
0 0.25
0 0.25
0 0.25
0.25 0.5
0 0.25
0.5 0.75
0 0.25
-0.25 0
0.25 0.5
0 0.25
0.25 0.5
0.25 0.5
0.25 0.5
0.5 0.75
0.25 0.5
-0.25 0
0.5 0.75
0 0.25
0.5 0.75
0.25 0.5
0.5 0.75
0.5 0.75
0.5 0.75
-0.25 0
0.75 1
0 0.25
0.75 1
0.25 0.5
0.75 1
0.5 0.75
0.75 1
Level_1/Cell
