1
1
1
0
(16 0
((0,0) (15,15) (0,0))
((16,0) (31,15) (0,0))
((32,0) (47,15) (0,0))
((48,0) (63,15) (0,0))
((0,16) (15,31) (0,0))
((16,16) (31,31) (0,0))
((32,16) (47,31) (0,0))
((48,16) (63,31) (0,0))
((0,32) (15,47) (0,0))
((16,32) (31,47) (0,0))
((32,32) (47,47) (0,0))
((48,32) (63,47) (0,0))
((0,48) (15,63) (0,0))
((16,48) (31,63) (0,0))
((32,48) (47,63) (0,0))
((48,48) (63,63) (0,0))
)
16
FabOnDisk: Cell_D_00000 0
FabOnDisk: Cell_D_00000 2130
FabOnDisk: Cell_D_00000 4261
FabOnDisk: Cell_D_00000 6392
FabOnDisk: Cell_D_00000 8523
FabOnDisk: Cell_D_00000 10654
FabOnDisk: Cell_D_00000 12786
FabOnDisk: Cell_D_00000 14918
FabOnDisk: Cell_D_00000 17050
FabOnDisk: Cell_D_00000 19181
FabOnDisk: Cell_D_00000 21313
FabOnDisk: Cell_D_00000 23445
FabOnDisk: Cell_D_00000 25577
FabOnDisk: Cell_D_00000 27708
FabOnDisk: Cell_D_00000 29840
FabOnDisk: Cell_D_00000 31972

16,1
1.0000085187793846e+00,
1.0000097984330520e+00,
1.0006300856460586e+00,
1.0004830672601230e+00,
1.0000010318752302e+00,
1.0000010751352251e+00,
1.0000628798398481e+00,
1.0000586383235843e+00,
1.0000076899012229e+00,
1.0000077524917628e+00,
1.0004675815268476e+00,
1.0005173313621671e+00,
1.0001470943121029e+00,
1.0001599572380340e+00,
1.0101415649866712e+00,
1.0091376533812726e+00,

16,1
1.0065898967750089e+00,
1.0091960167188183e+00,
1.0423905869326342e+00,
1.0420406446561195e+00,
1.0003643711225871e+00,
1.0004390617435095e+00,
1.0018400075244565e+00,
1.0018087071120292e+00,
1.0076993841197253e+00,
1.0066976711669748e+00,
1.0382527902718988e+00,
1.0384813573302425e+00,
1.0109962385582125e+00,
1.0120920917410130e+00,
1.0620928888894023e+00,
1.0620240843423872e+00,

