1
1
1
0
(16 0
((0,0) (15,15) (0,0))
((16,0) (31,15) (0,0))
((32,0) (47,15) (0,0))
((48,0) (63,15) (0,0))
((0,16) (15,31) (0,0))
((16,16) (31,31) (0,0))
((32,16) (47,31) (0,0))
((48,16) (63,31) (0,0))
((0,32) (15,47) (0,0))
((16,32) (31,47) (0,0))
((32,32) (47,47) (0,0))
((48,32) (63,47) (0,0))
((0,48) (15,63) (0,0))
((16,48) (31,63) (0,0))
((32,48) (47,63) (0,0))
((48,48) (63,63) (0,0))
)
16
FabOnDisk: Cell_D_00000 0
FabOnDisk: Cell_D_00000 2130
FabOnDisk: Cell_D_00000 4261
FabOnDisk: Cell_D_00000 6392
FabOnDisk: Cell_D_00000 8523
FabOnDisk: Cell_D_00000 10654
FabOnDisk: Cell_D_00000 12786
FabOnDisk: Cell_D_00000 14918
FabOnDisk: Cell_D_00000 17050
FabOnDisk: Cell_D_00000 19181
FabOnDisk: Cell_D_00000 21313
FabOnDisk: Cell_D_00000 23445
FabOnDisk: Cell_D_00000 25577
FabOnDisk: Cell_D_00000 27708
FabOnDisk: Cell_D_00000 29840
FabOnDisk: Cell_D_00000 31972

16,1
1.0000000001053839e+00,
1.0000006213844141e+00,
1.0000000000075731e+00,
1.0000000000000051e+00,
1.0000030948153693e+00,
1.0103569078700012e+00,
1.0000000800874809e+00,
1.0000000000495053e+00,
1.0000000005135581e+00,
1.0000015088709955e+00,
1.0000000000095921e+00,
1.0000000000000100e+00,
1.0000000000000240e+00,
1.0000000001118967e+00,
1.0000000000000056e+00,
1.0000000000000027e+00,

16,1
1.0091081047267230e+00,
1.0319815376842698e+00,
1.0064400425124242e+00,
1.0000005758803980e+00,
1.0642397155844974e+00,
1.1989057375432244e+00,
1.0339114048425062e+00,
1.0000050167488179e+00,
1.0271613294428572e+00,
1.0742718947932717e+00,
1.0103256309726270e+00,
1.0000026159052200e+00,
1.0000010513783932e+00,
1.0000025405995336e+00,
1.0000002812532942e+00,
1.0000000001251046e+00,

