1
1
1
0
(16 0
((0,0) (15,15) (0,0))
((16,0) (31,15) (0,0))
((32,0) (47,15) (0,0))
((48,0) (63,15) (0,0))
((0,16) (15,31) (0,0))
((16,16) (31,31) (0,0))
((32,16) (47,31) (0,0))
((48,16) (63,31) (0,0))
((0,32) (15,47) (0,0))
((16,32) (31,47) (0,0))
((32,32) (47,47) (0,0))
((48,32) (63,47) (0,0))
((0,48) (15,63) (0,0))
((16,48) (31,63) (0,0))
((32,48) (47,63) (0,0))
((48,48) (63,63) (0,0))
)
16
FabOnDisk: Cell_D_00000 0
FabOnDisk: Cell_D_00000 2130
FabOnDisk: Cell_D_00000 4261
FabOnDisk: Cell_D_00000 6392
FabOnDisk: Cell_D_00000 8523
FabOnDisk: Cell_D_00000 10654
FabOnDisk: Cell_D_00000 12786
FabOnDisk: Cell_D_00000 14918
FabOnDisk: Cell_D_00000 17050
FabOnDisk: Cell_D_00000 19181
FabOnDisk: Cell_D_00000 21313
FabOnDisk: Cell_D_00000 23445
FabOnDisk: Cell_D_00000 25577
FabOnDisk: Cell_D_00000 27708
FabOnDisk: Cell_D_00000 29840
FabOnDisk: Cell_D_00000 31972

16,1
1.0000009721706580e+00,
1.0000068088337255e+00,
1.0001929788624131e+00,
1.0000136594378339e+00,
1.0000007383864138e+00,
1.0000046404786858e+00,
1.0001401502094704e+00,
1.0000100815871411e+00,
1.0000285233284543e+00,
1.0001717404427806e+00,
1.0055280295565869e+00,
1.0004926067689495e+00,
1.0000609552872379e+00,
1.0004168143321412e+00,
1.0124582068983443e+00,
1.0009335128241428e+00,

16,1
1.0004763731582142e+00,
1.0100242867871887e+00,
1.0177227928904069e+00,
1.0123828174253127e+00,
1.0003596670262949e+00,
1.0036061854603104e+00,
1.0078907623437137e+00,
1.0063676352141748e+00,
1.0023740094998685e+00,
1.0300024732867699e+00,
1.0611622994798027e+00,
1.0473692327213593e+00,
1.0020416033388255e+00,
1.0338541762042912e+00,
1.0639020752621082e+00,
1.0468931164962512e+00,

