1
1
1
0
(25 0
((32,48) (47,63) (0,0))
((48,48) (63,63) (0,0))
((64,48) (79,63) (0,0))
((80,48) (95,63) (0,0))
((96,48) (103,63) (0,0))
((32,64) (47,79) (0,0))
((48,64) (63,79) (0,0))
((64,64) (79,79) (0,0))
((80,64) (95,79) (0,0))
((96,64) (103,79) (0,0))
((32,80) (47,95) (0,0))
((48,80) (63,95) (0,0))
((64,80) (79,95) (0,0))
((80,80) (95,95) (0,0))
((96,80) (103,95) (0,0))
((32,96) (47,111) (0,0))
((48,96) (63,111) (0,0))
((64,96) (79,111) (0,0))
((80,96) (95,111) (0,0))
((96,96) (103,111) (0,0))
((32,112) (47,119) (0,0))
((48,112) (63,119) (0,0))
((64,112) (79,119) (0,0))
((80,112) (95,119) (0,0))
((96,112) (103,119) (0,0))
)
25
FabOnDisk: Cell_D_00000 0
FabOnDisk: Cell_D_00000 2132
FabOnDisk: Cell_D_00000 4264
FabOnDisk: Cell_D_00000 6396
FabOnDisk: Cell_D_00000 8528
FabOnDisk: Cell_D_00000 9637
FabOnDisk: Cell_D_00000 11769
FabOnDisk: Cell_D_00000 13901
FabOnDisk: Cell_D_00000 16033
FabOnDisk: Cell_D_00000 18165
FabOnDisk: Cell_D_00000 19274
FabOnDisk: Cell_D_00000 21406
FabOnDisk: Cell_D_00000 23538
FabOnDisk: Cell_D_00000 25670
FabOnDisk: Cell_D_00000 27802
FabOnDisk: Cell_D_00000 28911
FabOnDisk: Cell_D_00000 31044
FabOnDisk: Cell_D_00000 33177
FabOnDisk: Cell_D_00000 35310
FabOnDisk: Cell_D_00000 37443
FabOnDisk: Cell_D_00000 38553
FabOnDisk: Cell_D_00000 39663
FabOnDisk: Cell_D_00000 40773
FabOnDisk: Cell_D_00000 41883
FabOnDisk: Cell_D_00000 42993

25,1
1.0000451518947968e+00,
1.0001413150657794e+00,
1.0006831668711218e+00,
1.0007939662137091e+00,
1.0002948101664757e+00,
1.0006249196052557e+00,
1.0070101299728849e+00,
1.0193296150453670e+00,
1.0036954338870674e+00,
1.0007243790759974e+00,
1.0010698610177411e+00,
1.0209751417567798e+00,
1.0826530482930059e+00,
1.0161306334705882e+00,
1.0034275519295441e+00,
1.0003178398266408e+00,
1.0046753703136382e+00,
1.0169069625747340e+00,
1.0038986114315471e+00,
1.0014630327818743e+00,
1.0001402390287473e+00,
1.0015227146331580e+00,
1.0039372229696948e+00,
1.0009706309222646e+00,
1.0004641210611056e+00,

25,1
1.0047252169671055e+00,
1.0181495382888175e+00,
1.0213012411123039e+00,
1.0169464951069418e+00,
1.0032960111557712e+00,
1.0182564062717014e+00,
1.0790737519955274e+00,
1.0969356919191136e+00,
1.0798205230747722e+00,
1.0171387107092889e+00,
1.0296962147936315e+00,
1.1062814011371374e+00,
1.1183426243541268e+00,
1.0903058605038971e+00,
1.0190239140876229e+00,
1.0196765753774519e+00,
1.0800869784585791e+00,
1.0933847539353643e+00,
1.0712109076024390e+00,
1.0138596943852451e+00,
1.0039305580457567e+00,
1.0153726567176895e+00,
1.0176558557461812e+00,
1.0131158332651713e+00,
1.0026857111467800e+00,

