1
1
1
0
(9 0
((64,64) (79,79) (0,0))
((80,64) (95,79) (0,0))
((96,64) (103,79) (0,0))
((64,80) (79,95) (0,0))
((80,80) (95,95) (0,0))
((96,80) (103,95) (0,0))
((64,96) (79,103) (0,0))
((80,96) (95,103) (0,0))
((96,96) (103,103) (0,0))
)
9
FabOnDisk: Cell_D_00000 0
FabOnDisk: Cell_D_00000 2132
FabOnDisk: Cell_D_00000 4264
FabOnDisk: Cell_D_00000 5373
FabOnDisk: Cell_D_00000 7505
FabOnDisk: Cell_D_00000 9637
FabOnDisk: Cell_D_00000 10746
FabOnDisk: Cell_D_00000 11855
FabOnDisk: Cell_D_00000 12964

9,1
9.9999998325370554e-01,
1.0000024357694977e+00,
1.0000149301828423e+00,
1.0000088088492538e+00,
1.0463926148074707e+00,
1.0059175353738086e+00,
1.0000014615061865e+00,
1.0064594590688796e+00,
1.0009006994572776e+00,

9,1
1.0247029786818016e+00,
1.1303628331458144e+00,
1.0569206884098807e+00,
1.1303628195244739e+00,
1.6879992633734784e+00,
1.3004358498786697e+00,
1.0569287174772344e+00,
1.3004352839210009e+00,
1.1311979255374165e+00,

