1
1
1
0
(16 0
((0,0) (15,15) (0,0))
((16,0) (31,15) (0,0))
((32,0) (47,15) (0,0))
((48,0) (63,15) (0,0))
((0,16) (15,31) (0,0))
((16,16) (31,31) (0,0))
((32,16) (47,31) (0,0))
((48,16) (63,31) (0,0))
((0,32) (15,47) (0,0))
((16,32) (31,47) (0,0))
((32,32) (47,47) (0,0))
((48,32) (63,47) (0,0))
((0,48) (15,63) (0,0))
((16,48) (31,63) (0,0))
((32,48) (47,63) (0,0))
((48,48) (63,63) (0,0))
)
16
FabOnDisk: Cell_D_00000 0
FabOnDisk: Cell_D_00000 2130
FabOnDisk: Cell_D_00000 4261
FabOnDisk: Cell_D_00000 6392
FabOnDisk: Cell_D_00000 8523
FabOnDisk: Cell_D_00000 10654
FabOnDisk: Cell_D_00000 12786
FabOnDisk: Cell_D_00000 14918
FabOnDisk: Cell_D_00000 17050
FabOnDisk: Cell_D_00000 19181
FabOnDisk: Cell_D_00000 21313
FabOnDisk: Cell_D_00000 23445
FabOnDisk: Cell_D_00000 25577
FabOnDisk: Cell_D_00000 27708
FabOnDisk: Cell_D_00000 29840
FabOnDisk: Cell_D_00000 31972

16,1
1.0000000000000433e+00,
1.0000000000001483e+00,
1.0000000050334859e+00,
1.0000000013339789e+00,
1.0000000000000151e+00,
1.0000000000000164e+00,
1.0000000002769833e+00,
1.0000000005002230e+00,
1.0000000000537710e+00,
1.0000000000950942e+00,
1.0000008061165071e+00,
1.0000049251346308e+00,
1.0000000010145855e+00,
1.0000000016927781e+00,
1.0000397641166057e+00,
1.0000470063996278e+00,

16,1
1.0000136966502728e+00,
1.0000212883905226e+00,
1.0022950771620223e+00,
1.0019534842279345e+00,
1.0000027095474562e+00,
1.0000002711367355e+00,
1.0000523714828442e+00,
1.0000807649662937e+00,
1.0002172435671481e+00,
1.0003096566222047e+00,
1.1873754770895346e+00,
1.1875480540298282e+00,
1.0003251014183410e+00,
1.0004345275732629e+00,
1.2473079292291049e+00,
1.2455685970957413e+00,

