1
1
1
0
(16 0
((0,0) (15,15) (0,0))
((16,0) (31,15) (0,0))
((32,0) (47,15) (0,0))
((48,0) (63,15) (0,0))
((0,16) (15,31) (0,0))
((16,16) (31,31) (0,0))
((32,16) (47,31) (0,0))
((48,16) (63,31) (0,0))
((0,32) (15,47) (0,0))
((16,32) (31,47) (0,0))
((32,32) (47,47) (0,0))
((48,32) (63,47) (0,0))
((0,48) (15,63) (0,0))
((16,48) (31,63) (0,0))
((32,48) (47,63) (0,0))
((48,48) (63,63) (0,0))
)
16
FabOnDisk: Cell_D_00000 0
FabOnDisk: Cell_D_00000 2130
FabOnDisk: Cell_D_00000 4261
FabOnDisk: Cell_D_00000 6392
FabOnDisk: Cell_D_00000 8523
FabOnDisk: Cell_D_00000 10654
FabOnDisk: Cell_D_00000 12786
FabOnDisk: Cell_D_00000 14918
FabOnDisk: Cell_D_00000 17050
FabOnDisk: Cell_D_00000 19181
FabOnDisk: Cell_D_00000 21313
FabOnDisk: Cell_D_00000 23445
FabOnDisk: Cell_D_00000 25577
FabOnDisk: Cell_D_00000 27708
FabOnDisk: Cell_D_00000 29840
FabOnDisk: Cell_D_00000 31972

16,1
1.0000000000001901e+00,
1.0000000000008744e+00,
1.0000000215566784e+00,
1.0000000069651145e+00,
1.0000000000000631e+00,
1.0000000000001545e+00,
1.0000000043574879e+00,
1.0000000019440540e+00,
1.0000000006106304e+00,
1.0000000017761015e+00,
1.0000543890568199e+00,
1.0000332293777650e+00,
1.0000000057518219e+00,
1.0000000197186978e+00,
1.0005690441023316e+00,
1.0002937335685382e+00,

16,1
1.0000815795220377e+00,
1.0003208350109072e+00,
1.0096271710014975e+00,
1.0093091579685116e+00,
1.0000169697639489e+00,
1.0000160390171338e+00,
1.0008666407924307e+00,
1.0008758220095588e+00,
1.0019239127533301e+00,
1.0027889551105096e+00,
1.1253599301397030e+00,
1.1250820220615882e+00,
1.0016176670040651e+00,
1.0041645733841080e+00,
1.1472361087155922e+00,
1.1444132693940730e+00,

