1
1
1
0
(16 0
((0,0) (15,15) (0,0))
((16,0) (31,15) (0,0))
((32,0) (47,15) (0,0))
((48,0) (63,15) (0,0))
((0,16) (15,31) (0,0))
((16,16) (31,31) (0,0))
((32,16) (47,31) (0,0))
((48,16) (63,31) (0,0))
((0,32) (15,47) (0,0))
((16,32) (31,47) (0,0))
((32,32) (47,47) (0,0))
((48,32) (63,47) (0,0))
((0,48) (15,63) (0,0))
((16,48) (31,63) (0,0))
((32,48) (47,63) (0,0))
((48,48) (63,63) (0,0))
)
16
FabOnDisk: Cell_D_00000 0
FabOnDisk: Cell_D_00000 2130
FabOnDisk: Cell_D_00000 4261
FabOnDisk: Cell_D_00000 6392
FabOnDisk: Cell_D_00000 8523
FabOnDisk: Cell_D_00000 10654
FabOnDisk: Cell_D_00000 12786
FabOnDisk: Cell_D_00000 14918
FabOnDisk: Cell_D_00000 17050
FabOnDisk: Cell_D_00000 19181
FabOnDisk: Cell_D_00000 21313
FabOnDisk: Cell_D_00000 23445
FabOnDisk: Cell_D_00000 25577
FabOnDisk: Cell_D_00000 27708
FabOnDisk: Cell_D_00000 29840
FabOnDisk: Cell_D_00000 31972

16,1
1.0000000560646420e+00,
1.0000013348088628e+00,
1.0000133189310501e+00,
1.0000001720043707e+00,
1.0000001439425408e+00,
1.0000026032156213e+00,
1.0000595364104812e+00,
1.0000006071324050e+00,
1.0000094319055191e+00,
1.0007348301090870e+00,
1.0041666895807009e+00,
1.0000209041539849e+00,
1.0000016363236668e+00,
1.0000740267551704e+00,
1.0003891715523336e+00,
1.0000050920504961e+00,

16,1
1.0000522394650986e+00,
1.0010789710677044e+00,
1.0011613625348041e+00,
1.0002084486264631e+00,
1.0003589422484462e+00,
1.0163589607122812e+00,
1.0198243254189971e+00,
1.0029457021198642e+00,
1.0011213870725588e+00,
1.1038346743111598e+00,
1.1179792345116684e+00,
1.0175536429683398e+00,
1.0008997990345931e+00,
1.0767796650098116e+00,
1.0907418399191362e+00,
1.0122318537413162e+00,

