1
1
1
0
(16 0
((0,0) (15,15) (0,0))
((16,0) (31,15) (0,0))
((32,0) (47,15) (0,0))
((48,0) (63,15) (0,0))
((0,16) (15,31) (0,0))
((16,16) (31,31) (0,0))
((32,16) (47,31) (0,0))
((48,16) (63,31) (0,0))
((0,32) (15,47) (0,0))
((16,32) (31,47) (0,0))
((32,32) (47,47) (0,0))
((48,32) (63,47) (0,0))
((0,48) (15,63) (0,0))
((16,48) (31,63) (0,0))
((32,48) (47,63) (0,0))
((48,48) (63,63) (0,0))
)
16
FabOnDisk: Cell_D_00000 0
FabOnDisk: Cell_D_00000 2130
FabOnDisk: Cell_D_00000 4261
FabOnDisk: Cell_D_00000 6392
FabOnDisk: Cell_D_00000 8523
FabOnDisk: Cell_D_00000 10654
FabOnDisk: Cell_D_00000 12786
FabOnDisk: Cell_D_00000 14918
FabOnDisk: Cell_D_00000 17050
FabOnDisk: Cell_D_00000 19181
FabOnDisk: Cell_D_00000 21313
FabOnDisk: Cell_D_00000 23445
FabOnDisk: Cell_D_00000 25577
FabOnDisk: Cell_D_00000 27708
FabOnDisk: Cell_D_00000 29840
FabOnDisk: Cell_D_00000 31972

16,1
1.0000000143809742e+00,
1.0000000000000011e+00,
1.0000000000000009e+00,
1.0000000314422910e+00,
1.0000000000000011e+00,
1.0000000000000002e+00,
1.0000000000000000e+00,
1.0000000000000000e+00,
1.0000000000000011e+00,
1.0000000000000000e+00,
1.0000000000000000e+00,
1.0000000000000000e+00,
1.0000000188213014e+00,
1.0000000000000000e+00,
1.0000000000000000e+00,
1.0000000094660699e+00,

16,1
1.4489630686569090e+00,
1.0000133322604423e+00,
1.0000108021536915e+00,
1.4548965783086878e+00,
1.0000125900022618e+00,
1.0000000017992012e+00,
1.0000000048554265e+00,
1.0000131210957675e+00,
1.0000111195591537e+00,
1.0000000032475540e+00,
1.0000000018317845e+00,
1.0000075559049293e+00,
1.4548956498241576e+00,
1.0000122867425374e+00,
1.0000110142216987e+00,
1.4609081101609556e+00,

