1
1
1
0
(15 0
((0,0) (15,15) (0,0))
((16,0) (31,15) (0,0))
((32,0) (39,15) (0,0))
((0,16) (15,31) (0,0))
((16,16) (31,31) (0,0))
((32,16) (39,31) (0,0))
((0,32) (15,47) (0,0))
((16,32) (31,47) (0,0))
((32,32) (39,47) (0,0))
((112,0) (127,15) (0,0))
((112,16) (127,31) (0,0))
((112,32) (127,47) (0,0))
((0,120) (15,127) (0,0))
((16,120) (31,127) (0,0))
((120,120) (127,127) (0,0))
)
15
FabOnDisk: Cell_D_00000 0
FabOnDisk: Cell_D_00000 2130
FabOnDisk: Cell_D_00000 4261
FabOnDisk: Cell_D_00000 5368
FabOnDisk: Cell_D_00000 7499
FabOnDisk: Cell_D_00000 9631
FabOnDisk: Cell_D_00000 10739
FabOnDisk: Cell_D_00000 12870
FabOnDisk: Cell_D_00000 15002
FabOnDisk: Cell_D_00000 16110
FabOnDisk: Cell_D_00000 18243
FabOnDisk: Cell_D_00000 20377
FabOnDisk: Cell_D_00000 22511
FabOnDisk: Cell_D_00000 23620
FabOnDisk: Cell_D_00000 24730

15,1
1.0031466512210330e+00,
1.0042154287655212e+00,
1.0007354767548733e+00,
1.0454675804277813e+00,
1.0425588121066069e+00,
1.0080021718360319e+00,
1.0047426574282146e+00,
1.0033336449712462e+00,
1.0008231138782717e+00,
1.0001904393238927e+00,
1.0010944004951214e+00,
1.0001426337628538e+00,
1.0001075058990165e+00,
1.0008854221380350e+00,
1.0000357155675585e+00,

15,1
1.1316057029395239e+00,
1.1322110510821646e+00,
1.0382248640537730e+00,
1.2024864387671406e+00,
1.2020612702381872e+00,
1.0553806361040947e+00,
1.1478607720992837e+00,
1.1457749497053018e+00,
1.0306682795511599e+00,
1.0347854469499125e+00,
1.0583695615032318e+00,
1.0465103456170362e+00,
1.0085730386665759e+00,
1.0088910989102233e+00,
1.0017676168495409e+00,

