1
1
1
0
(22 0
((0,0) (15,15) (0,0))
((16,0) (31,15) (0,0))
((32,0) (39,15) (0,0))
((0,16) (15,31) (0,0))
((16,16) (31,31) (0,0))
((32,16) (39,31) (0,0))
((0,32) (15,39) (0,0))
((16,32) (31,39) (0,0))
((32,32) (39,39) (0,0))
((104,0) (119,15) (0,0))
((120,0) (127,15) (0,0))
((104,16) (119,31) (0,0))
((120,16) (127,31) (0,0))
((104,32) (119,39) (0,0))
((120,32) (127,39) (0,0))
((0,104) (15,119) (0,0))
((16,104) (31,119) (0,0))
((32,104) (39,119) (0,0))
((0,120) (15,127) (0,0))
((16,120) (31,127) (0,0))
((32,120) (39,127) (0,0))
((112,112) (127,127) (0,0))
)
22
FabOnDisk: Cell_D_00000 0
FabOnDisk: Cell_D_00000 2130
FabOnDisk: Cell_D_00000 4261
FabOnDisk: Cell_D_00000 5368
FabOnDisk: Cell_D_00000 7499
FabOnDisk: Cell_D_00000 9631
FabOnDisk: Cell_D_00000 10739
FabOnDisk: Cell_D_00000 11846
FabOnDisk: Cell_D_00000 12954
FabOnDisk: Cell_D_00000 13550
FabOnDisk: Cell_D_00000 15683
FabOnDisk: Cell_D_00000 16792
FabOnDisk: Cell_D_00000 18926
FabOnDisk: Cell_D_00000 20036
FabOnDisk: Cell_D_00000 21146
FabOnDisk: Cell_D_00000 21744
FabOnDisk: Cell_D_00000 23877
FabOnDisk: Cell_D_00000 26011
FabOnDisk: Cell_D_00000 27121
FabOnDisk: Cell_D_00000 28230
FabOnDisk: Cell_D_00000 29340
FabOnDisk: Cell_D_00000 29938

22,1
1.0574508924793267e+00,
1.0128578634329899e+00,
1.0011652499515673e+00,
1.0140086424273040e+00,
1.0034799952352200e+00,
1.0009654378947646e+00,
1.0023646117786471e+00,
1.0004440134165997e+00,
1.0001738503213342e+00,
1.0002559102981958e+00,
1.0161910818583237e+00,
1.0000682861447314e+00,
1.0040892109763686e+00,
1.0000270825194693e+00,
1.0009164147055569e+00,
1.0000937567180275e+00,
1.0002364361872700e+00,
1.0000451274930384e+00,
1.0161302865941921e+00,
1.0035110124109206e+00,
1.0002871313422941e+00,
1.0001140254406278e+00,

22,1
1.2162897168907314e+00,
1.1919756253810054e+00,
1.0207827153245626e+00,
1.1920083714610470e+00,
1.1704442269945099e+00,
1.0190145418558403e+00,
1.0208308773725601e+00,
1.0181632546836588e+00,
1.0023519378252232e+00,
1.0255237678175626e+00,
1.0986148368971367e+00,
1.0226444031622435e+00,
1.0875588133520797e+00,
1.0027674033626339e+00,
1.0100971791950126e+00,
1.0254980576605337e+00,
1.0226236165760161e+00,
1.0021979902183877e+00,
1.0985761666291123e+00,
1.0874525908356667e+00,
1.0088125815601920e+00,
1.0449611486693953e+00,

