1
1
1
0
(16 0
((0,0) (15,15) (0,0))
((16,0) (31,15) (0,0))
((32,0) (47,15) (0,0))
((48,0) (63,15) (0,0))
((0,16) (15,31) (0,0))
((16,16) (31,31) (0,0))
((32,16) (47,31) (0,0))
((48,16) (63,31) (0,0))
((0,32) (15,47) (0,0))
((16,32) (31,47) (0,0))
((32,32) (47,47) (0,0))
((48,32) (63,47) (0,0))
((0,48) (15,63) (0,0))
((16,48) (31,63) (0,0))
((32,48) (47,63) (0,0))
((48,48) (63,63) (0,0))
)
16
FabOnDisk: Cell_D_00000 0
FabOnDisk: Cell_D_00000 2130
FabOnDisk: Cell_D_00000 4261
FabOnDisk: Cell_D_00000 6392
FabOnDisk: Cell_D_00000 8523
FabOnDisk: Cell_D_00000 10654
FabOnDisk: Cell_D_00000 12786
FabOnDisk: Cell_D_00000 14918
FabOnDisk: Cell_D_00000 17050
FabOnDisk: Cell_D_00000 19181
FabOnDisk: Cell_D_00000 21313
FabOnDisk: Cell_D_00000 23445
FabOnDisk: Cell_D_00000 25577
FabOnDisk: Cell_D_00000 27708
FabOnDisk: Cell_D_00000 29840
FabOnDisk: Cell_D_00000 31972

16,1
1.0000000000000020e+00,
1.0000000000000000e+00,
1.0000000000000000e+00,
1.0000000001287734e+00,
1.0000000000000000e+00,
1.0000000000000000e+00,
1.0000000000000000e+00,
1.0000000000000000e+00,
1.0000000000000000e+00,
1.0000000000000000e+00,
1.0000000000000000e+00,
1.0000000000069160e+00,
1.0000000000026950e+00,
1.0000000000000000e+00,
1.0000000000212281e+00,
1.0001946262228600e+00,

16,1
1.0006527002335222e+00,
1.0000000000149207e+00,
1.0013954349819132e+00,
1.0409158796271700e+00,
1.0000000000075742e+00,
1.0000000000000013e+00,
1.0000000000139313e+00,
1.0000000001424376e+00,
1.0001876870165447e+00,
1.0000000000012206e+00,
1.0000268930900980e+00,
1.0035358286351583e+00,
1.0287958562976085e+00,
1.0000000000629803e+00,
1.0093874832778242e+00,
1.5124116369676863e+00,

