1
1
1
0
(16 0
((0,0) (15,15) (0,0))
((16,0) (31,15) (0,0))
((32,0) (47,15) (0,0))
((48,0) (63,15) (0,0))
((0,16) (15,31) (0,0))
((16,16) (31,31) (0,0))
((32,16) (47,31) (0,0))
((48,16) (63,31) (0,0))
((0,32) (15,47) (0,0))
((16,32) (31,47) (0,0))
((32,32) (47,47) (0,0))
((48,32) (63,47) (0,0))
((0,48) (15,63) (0,0))
((16,48) (31,63) (0,0))
((32,48) (47,63) (0,0))
((48,48) (63,63) (0,0))
)
16
FabOnDisk: Cell_D_00000 0
FabOnDisk: Cell_D_00000 2130
FabOnDisk: Cell_D_00000 4261
FabOnDisk: Cell_D_00000 6392
FabOnDisk: Cell_D_00000 8523
FabOnDisk: Cell_D_00000 10654
FabOnDisk: Cell_D_00000 12786
FabOnDisk: Cell_D_00000 14918
FabOnDisk: Cell_D_00000 17050
FabOnDisk: Cell_D_00000 19181
FabOnDisk: Cell_D_00000 21313
FabOnDisk: Cell_D_00000 23445
FabOnDisk: Cell_D_00000 25577
FabOnDisk: Cell_D_00000 27708
FabOnDisk: Cell_D_00000 29840
FabOnDisk: Cell_D_00000 31972

16,1
1.0000000042061266e+00,
1.0000000019521533e+00,
1.0000005373340031e+00,
1.0000013239795962e+00,
1.0000000019831097e+00,
1.0000000006964342e+00,
1.0000001045466500e+00,
1.0000008316936508e+00,
1.0000002256553902e+00,
1.0000001173042945e+00,
1.0000243045625932e+00,
1.0002946620090514e+00,
1.0000024247195241e+00,
1.0000007252466023e+00,
1.0001239568464337e+00,
1.0009546244390073e+00,

16,1
1.0005371346892813e+00,
1.0000753970381295e+00,
1.0057851190517082e+00,
1.0060456153432833e+00,
1.0001806317537070e+00,
1.0000120716750556e+00,
1.0003110263013388e+00,
1.0007075102324872e+00,
1.0044008708134400e+00,
1.0006232435816365e+00,
1.1230333893346112e+00,
1.1406516118067849e+00,
1.0060296740456063e+00,
1.0006419621479816e+00,
1.1406950453258697e+00,
1.1608539590131626e+00,

