1
1
1
0
(25 0
((24,24) (39,39) (0,0))
((40,24) (55,39) (0,0))
((56,24) (71,39) (0,0))
((72,24) (87,39) (0,0))
((88,24) (95,39) (0,0))
((24,40) (39,55) (0,0))
((40,40) (55,55) (0,0))
((56,40) (71,55) (0,0))
((72,40) (87,55) (0,0))
((88,40) (95,55) (0,0))
((24,56) (39,71) (0,0))
((40,56) (55,71) (0,0))
((56,56) (71,71) (0,0))
((72,56) (87,71) (0,0))
((88,56) (95,71) (0,0))
((24,72) (39,87) (0,0))
((40,72) (55,87) (0,0))
((56,72) (71,87) (0,0))
((72,72) (87,87) (0,0))
((88,72) (95,87) (0,0))
((24,88) (39,95) (0,0))
((40,88) (55,95) (0,0))
((56,88) (71,95) (0,0))
((72,88) (87,95) (0,0))
((88,88) (95,95) (0,0))
)
25
FabOnDisk: Cell_D_00000 0
FabOnDisk: Cell_D_00000 2132
FabOnDisk: Cell_D_00000 4264
FabOnDisk: Cell_D_00000 6396
FabOnDisk: Cell_D_00000 8528
FabOnDisk: Cell_D_00000 9636
FabOnDisk: Cell_D_00000 11768
FabOnDisk: Cell_D_00000 13900
FabOnDisk: Cell_D_00000 16032
FabOnDisk: Cell_D_00000 18164
FabOnDisk: Cell_D_00000 19272
FabOnDisk: Cell_D_00000 21404
FabOnDisk: Cell_D_00000 23536
FabOnDisk: Cell_D_00000 25668
FabOnDisk: Cell_D_00000 27800
FabOnDisk: Cell_D_00000 28908
FabOnDisk: Cell_D_00000 31040
FabOnDisk: Cell_D_00000 33172
FabOnDisk: Cell_D_00000 35304
FabOnDisk: Cell_D_00000 37436
FabOnDisk: Cell_D_00000 38544
FabOnDisk: Cell_D_00000 39652
FabOnDisk: Cell_D_00000 40760
FabOnDisk: Cell_D_00000 41868
FabOnDisk: Cell_D_00000 42976

25,1
1.0000605498183948e+00,
1.0002001358630395e+00,
1.0009724460139278e+00,
1.0006053013567553e+00,
1.0001487659793995e+00,
1.0006197260970127e+00,
1.0074014215949616e+00,
1.0229053479744421e+00,
1.0032895187756870e+00,
1.0005806853182651e+00,
1.0010444038608379e+00,
1.0230442105115538e+00,
1.0722521800729761e+00,
1.0123527019579741e+00,
1.0024812161840424e+00,
1.0002883356488641e+00,
1.0042938819330081e+00,
1.0110881280079611e+00,
1.0023234887895092e+00,
1.0010916112299362e+00,
1.0001646448216475e+00,
1.0015121855922904e+00,
1.0021529800627167e+00,
1.0005147819168414e+00,
1.0003147622922621e+00,

25,1
1.0056500287459156e+00,
1.0234736002374230e+00,
1.0267162656618285e+00,
1.0187239106101411e+00,
1.0023462792051174e+00,
1.0235705771699031e+00,
1.0989826523870767e+00,
1.1126387363815362e+00,
1.0791460653860141e+00,
1.0104611983104368e+00,
1.0267691651884769e+00,
1.1126856962470943e+00,
1.1282426860129848e+00,
1.0902192083156257e+00,
1.0127413572451172e+00,
1.0188624992049213e+00,
1.0794084894018661e+00,
1.0903130785743833e+00,
1.0636268704138407e+00,
1.0099942449743693e+00,
1.0033212398002678e+00,
1.0117781268551926e+00,
1.0128228225813769e+00,
1.0085598590795917e+00,
1.0017746195841626e+00,

