1
1
1
0
(16 0
((24,40) (39,55) (0,0))
((40,40) (55,55) (0,0))
((56,40) (71,55) (0,0))
((72,40) (87,55) (0,0))
((24,56) (39,71) (0,0))
((40,56) (55,71) (0,0))
((56,56) (71,71) (0,0))
((72,56) (87,71) (0,0))
((24,72) (39,87) (0,0))
((40,72) (55,87) (0,0))
((56,72) (71,87) (0,0))
((72,72) (87,87) (0,0))
((24,88) (39,103) (0,0))
((40,88) (55,103) (0,0))
((56,88) (71,103) (0,0))
((72,88) (87,103) (0,0))
)
16
FabOnDisk: Cell_D_00000 0
FabOnDisk: Cell_D_00000 2132
FabOnDisk: Cell_D_00000 4264
FabOnDisk: Cell_D_00000 6396
FabOnDisk: Cell_D_00000 8528
FabOnDisk: Cell_D_00000 10660
FabOnDisk: Cell_D_00000 12792
FabOnDisk: Cell_D_00000 14924
FabOnDisk: Cell_D_00000 17056
FabOnDisk: Cell_D_00000 19188
FabOnDisk: Cell_D_00000 21320
FabOnDisk: Cell_D_00000 23452
FabOnDisk: Cell_D_00000 25584
FabOnDisk: Cell_D_00000 27717
FabOnDisk: Cell_D_00000 29850
FabOnDisk: Cell_D_00000 31983

16,1
1.0001333876204177e+00,
1.0006737377796502e+00,
1.0025955909214748e+00,
1.0006262054449908e+00,
1.0020321152782321e+00,
1.0203060230895036e+00,
1.0243269202460530e+00,
1.0021143231206753e+00,
1.0021912534632147e+00,
1.0305202161500058e+00,
1.0423390521389084e+00,
1.0059112843017388e+00,
1.0003766350460968e+00,
1.0037858294779145e+00,
1.0050112827512121e+00,
1.0009469933501611e+00,

16,1
1.0157798806626961e+00,
1.0385735284029585e+00,
1.0390276747258069e+00,
1.0207245350953682e+00,
1.0448187362761647e+00,
1.1160962893809376e+00,
1.1177603348177947e+00,
1.0643047466055258e+00,
1.0496141953548648e+00,
1.1209741645079467e+00,
1.1219315322832026e+00,
1.0688062739457898e+00,
1.0274807279922586e+00,
1.0683801617491251e+00,
1.0687839301821105e+00,
1.0332396619257731e+00,

