1
1
1
0
(16 0
((0,0) (15,15) (0,0))
((16,0) (31,15) (0,0))
((32,0) (47,15) (0,0))
((48,0) (63,15) (0,0))
((0,16) (15,31) (0,0))
((16,16) (31,31) (0,0))
((32,16) (47,31) (0,0))
((48,16) (63,31) (0,0))
((0,32) (15,47) (0,0))
((16,32) (31,47) (0,0))
((32,32) (47,47) (0,0))
((48,32) (63,47) (0,0))
((0,48) (15,63) (0,0))
((16,48) (31,63) (0,0))
((32,48) (47,63) (0,0))
((48,48) (63,63) (0,0))
)
16
FabOnDisk: Cell_D_00000 0
FabOnDisk: Cell_D_00000 2130
FabOnDisk: Cell_D_00000 4261
FabOnDisk: Cell_D_00000 6392
FabOnDisk: Cell_D_00000 8523
FabOnDisk: Cell_D_00000 10654
FabOnDisk: Cell_D_00000 12786
FabOnDisk: Cell_D_00000 14918
FabOnDisk: Cell_D_00000 17050
FabOnDisk: Cell_D_00000 19181
FabOnDisk: Cell_D_00000 21313
FabOnDisk: Cell_D_00000 23445
FabOnDisk: Cell_D_00000 25577
FabOnDisk: Cell_D_00000 27708
FabOnDisk: Cell_D_00000 29840
FabOnDisk: Cell_D_00000 31972

16,1
1.0000000000000053e+00,
1.0000000000331475e+00,
1.0000000007794116e+00,
1.0000000000000084e+00,
1.0000000000040710e+00,
1.0000003054222153e+00,
1.0000095761880381e+00,
1.0000000000545455e+00,
1.0000000014760395e+00,
1.0001172910150982e+00,
1.0031094902955593e+00,
1.0000000157431206e+00,
1.0000000000000571e+00,
1.0000000067885517e+00,
1.0000001086054970e+00,
1.0000000000003415e+00,

16,1
1.0000000570521490e+00,
1.0000388389517112e+00,
1.0000560611298295e+00,
1.0000041881745676e+00,
1.0001129139155214e+00,
1.0621504322675557e+00,
1.0837680799692651e+00,
1.0050350551387948e+00,
1.0003052918690953e+00,
1.1337822432611717e+00,
1.1690217375731218e+00,
1.0079194121280437e+00,
1.0000636548830548e+00,
1.0232643497706271e+00,
1.0279207665343202e+00,
1.0010315878842591e+00,

