HyperCLaw-V1.1
1
phi
2
6.16508724847018
1
-1 -1 
1 1 
2 
((0,0) (63,63) (0,0)) ((0,0) (127,127) (0,0)) 
310 620 
0.03125 0.03125 
0.015625 0.015625 
0
0
0 16 6.16508724847018
310
-1 -0.5
-1 -0.5
-0.5 0
-1 -0.5
0 0.5
-1 -0.5
0.5 1
-1 -0.5
-1 -0.5
-0.5 0
-0.5 0
-0.5 0
0 0.5
-0.5 0
0.5 1
-0.5 0
-1 -0.5
0 0.5
-0.5 0
0 0.5
0 0.5
0 0.5
0.5 1
0 0.5
-1 -0.5
0.5 1
-0.5 0
0.5 1
0 0.5
0.5 1
0.5 1
0.5 1
Level_0/Cell
1 16 6.16508724847018
620
-0.375 -0.125
-0.375 -0.125
-0.125 0.125
-0.375 -0.125
0.125 0.375
-0.375 -0.125
0.375 0.625
-0.375 -0.125
-0.375 -0.125
-0.125 0.125
-0.125 0.125
-0.125 0.125
0.125 0.375
-0.125 0.125
0.375 0.625
-0.125 0.125
-0.375 -0.125
0.125 0.375
-0.125 0.125
0.125 0.375
0.125 0.375
0.125 0.375
0.375 0.625
0.125 0.375
-0.375 -0.125
0.375 0.625
-0.125 0.125
0.375 0.625
0.125 0.375
0.375 0.625
0.375 0.625
0.375 0.625
Level_1/Cell
