1
1
1
0
(16 0
((0,0) (15,15) (0,0))
((16,0) (31,15) (0,0))
((32,0) (47,15) (0,0))
((48,0) (63,15) (0,0))
((0,16) (15,31) (0,0))
((16,16) (31,31) (0,0))
((32,16) (47,31) (0,0))
((48,16) (63,31) (0,0))
((0,32) (15,47) (0,0))
((16,32) (31,47) (0,0))
((32,32) (47,47) (0,0))
((48,32) (63,47) (0,0))
((0,48) (15,63) (0,0))
((16,48) (31,63) (0,0))
((32,48) (47,63) (0,0))
((48,48) (63,63) (0,0))
)
16
FabOnDisk: Cell_D_00000 0
FabOnDisk: Cell_D_00000 2130
FabOnDisk: Cell_D_00000 4261
FabOnDisk: Cell_D_00000 6392
FabOnDisk: Cell_D_00000 8523
FabOnDisk: Cell_D_00000 10654
FabOnDisk: Cell_D_00000 12786
FabOnDisk: Cell_D_00000 14918
FabOnDisk: Cell_D_00000 17050
FabOnDisk: Cell_D_00000 19181
FabOnDisk: Cell_D_00000 21313
FabOnDisk: Cell_D_00000 23445
FabOnDisk: Cell_D_00000 25577
FabOnDisk: Cell_D_00000 27708
FabOnDisk: Cell_D_00000 29840
FabOnDisk: Cell_D_00000 31972

16,1
1.0000005229332734e+00,
1.0000182127372590e+00,
1.0000814683356236e+00,
1.0000011790811267e+00,
1.0000016789452710e+00,
1.0000568748319356e+00,
1.0002980620090995e+00,
1.0000047064513324e+00,
1.0000713117765958e+00,
1.0027794037751170e+00,
1.0119163614011719e+00,
1.0001680345955550e+00,
1.0000126846364870e+00,
1.0005482625791187e+00,
1.0020001724932890e+00,
1.0000258850744039e+00,

16,1
1.0003824978219591e+00,
1.0038461491922457e+00,
1.0041113843743124e+00,
1.0011530384712126e+00,
1.0015966725812795e+00,
1.0220619683396843e+00,
1.0257160909244005e+00,
1.0097225770049576e+00,
1.0046784753096256e+00,
1.0582335741689870e+00,
1.0656851667670846e+00,
1.0226280609571603e+00,
1.0047050102304356e+00,
1.0522433034379990e+00,
1.0571410605872991e+00,
1.0176791674676171e+00,

