1
1
1
0
(16 0
((0,0) (15,15) (0,0))
((16,0) (31,15) (0,0))
((32,0) (47,15) (0,0))
((48,0) (63,15) (0,0))
((0,16) (15,31) (0,0))
((16,16) (31,31) (0,0))
((32,16) (47,31) (0,0))
((48,16) (63,31) (0,0))
((0,32) (15,47) (0,0))
((16,32) (31,47) (0,0))
((32,32) (47,47) (0,0))
((48,32) (63,47) (0,0))
((0,48) (15,63) (0,0))
((16,48) (31,63) (0,0))
((32,48) (47,63) (0,0))
((48,48) (63,63) (0,0))
)
16
FabOnDisk: Cell_D_00000 0
FabOnDisk: Cell_D_00000 2130
FabOnDisk: Cell_D_00000 4261
FabOnDisk: Cell_D_00000 6392
FabOnDisk: Cell_D_00000 8523
FabOnDisk: Cell_D_00000 10654
FabOnDisk: Cell_D_00000 12786
FabOnDisk: Cell_D_00000 14918
FabOnDisk: Cell_D_00000 17050
FabOnDisk: Cell_D_00000 19181
FabOnDisk: Cell_D_00000 21313
FabOnDisk: Cell_D_00000 23445
FabOnDisk: Cell_D_00000 25577
FabOnDisk: Cell_D_00000 27708
FabOnDisk: Cell_D_00000 29840
FabOnDisk: Cell_D_00000 31972

16,1
1.0000007192992826e+00,
1.0000545495346209e+00,
1.0000179925401589e+00,
1.0000003651237859e+00,
1.0000154258318317e+00,
1.0012681335773332e+00,
1.0005050970763782e+00,
1.0000082325481221e+00,
1.0001448501894772e+00,
1.0112444737765030e+00,
1.0037610489059767e+00,
1.0000684983839667e+00,
1.0000034783551464e+00,
1.0002500077634715e+00,
1.0000675147844136e+00,
1.0000013571053772e+00,

16,1
1.0007153783319314e+00,
1.0032006840122893e+00,
1.0031219637387732e+00,
1.0003539211519639e+00,
1.0133344464040457e+00,
1.0539542219439506e+00,
1.0518813155632611e+00,
1.0052007532899410e+00,
1.0186134716021822e+00,
1.0677690675558547e+00,
1.0636546040767927e+00,
1.0055499108504222e+00,
1.0091426127282896e+00,
1.0302056287209562e+00,
1.0277014101328572e+00,
1.0021174571919726e+00,

