1
1
1
0
(16 0
((40,40) (55,55) (0,0))
((56,40) (71,55) (0,0))
((72,40) (87,55) (0,0))
((88,40) (103,55) (0,0))
((40,56) (55,71) (0,0))
((56,56) (71,71) (0,0))
((72,56) (87,71) (0,0))
((88,56) (103,71) (0,0))
((40,72) (55,87) (0,0))
((56,72) (71,87) (0,0))
((72,72) (87,87) (0,0))
((88,72) (103,87) (0,0))
((40,88) (55,103) (0,0))
((56,88) (71,103) (0,0))
((72,88) (87,103) (0,0))
((88,88) (103,103) (0,0))
)
16
FabOnDisk: Cell_D_00000 0
FabOnDisk: Cell_D_00000 2132
FabOnDisk: Cell_D_00000 4264
FabOnDisk: Cell_D_00000 6396
FabOnDisk: Cell_D_00000 8529
FabOnDisk: Cell_D_00000 10661
FabOnDisk: Cell_D_00000 12793
FabOnDisk: Cell_D_00000 14925
FabOnDisk: Cell_D_00000 17058
FabOnDisk: Cell_D_00000 19190
FabOnDisk: Cell_D_00000 21322
FabOnDisk: Cell_D_00000 23454
FabOnDisk: Cell_D_00000 25587
FabOnDisk: Cell_D_00000 27720
FabOnDisk: Cell_D_00000 29853
FabOnDisk: Cell_D_00000 31986

16,1
1.0000214036440320e+00,
1.0001085931908069e+00,
1.0006928117339748e+00,
1.0001559582529211e+00,
1.0003686106766900e+00,
1.0087084625350806e+00,
1.0205808610100631e+00,
1.0007477277497190e+00,
1.0004915233875862e+00,
1.0208075827408718e+00,
1.0496497757630148e+00,
1.0039062609521483e+00,
1.0000922515963524e+00,
1.0018555816205359e+00,
1.0023381806634970e+00,
1.0004062127631022e+00,

16,1
1.0063023154670416e+00,
1.0309289849738408e+00,
1.0329760864132553e+00,
1.0156591683244975e+00,
1.0309838473021122e+00,
1.1528994780355231e+00,
1.1630271087669029e+00,
1.0778722379287977e+00,
1.0330169514473166e+00,
1.1630567714460056e+00,
1.1738630018549390e+00,
1.0831893885923485e+00,
1.0158907228223506e+00,
1.0781495825046854e+00,
1.0832505495387814e+00,
1.0399820715749939e+00,

