1
1
1
0
(16 0
((8,8) (23,23) (0,0))
((24,8) (39,23) (0,0))
((40,8) (55,23) (0,0))
((56,8) (63,23) (0,0))
((8,24) (23,39) (0,0))
((24,24) (39,39) (0,0))
((40,24) (55,39) (0,0))
((56,24) (63,39) (0,0))
((8,40) (23,55) (0,0))
((24,40) (39,55) (0,0))
((40,40) (55,55) (0,0))
((56,40) (63,55) (0,0))
((8,56) (23,63) (0,0))
((24,56) (39,63) (0,0))
((40,56) (55,63) (0,0))
((56,56) (63,63) (0,0))
)
16
FabOnDisk: Cell_D_00000 0
FabOnDisk: Cell_D_00000 2130
FabOnDisk: Cell_D_00000 4261
FabOnDisk: Cell_D_00000 6392
FabOnDisk: Cell_D_00000 7499
FabOnDisk: Cell_D_00000 9630
FabOnDisk: Cell_D_00000 11762
FabOnDisk: Cell_D_00000 13894
FabOnDisk: Cell_D_00000 15002
FabOnDisk: Cell_D_00000 17133
FabOnDisk: Cell_D_00000 19265
FabOnDisk: Cell_D_00000 21397
FabOnDisk: Cell_D_00000 22505
FabOnDisk: Cell_D_00000 23612
FabOnDisk: Cell_D_00000 24720
FabOnDisk: Cell_D_00000 25828

16,1
1.0001089558515741e+00,
1.0015969609799065e+00,
1.0009428039977626e+00,
1.0001944962702791e+00,
1.0019670628002380e+00,
1.0422195790718161e+00,
1.0171776219670585e+00,
1.0019728585692493e+00,
1.0007753771841350e+00,
1.0180689079556964e+00,
1.0076639467157431e+00,
1.0020770687813469e+00,
1.0002674964809792e+00,
1.0036699882506197e+00,
1.0010806398079386e+00,
1.0004430256634076e+00,

16,1
1.0328523845494932e+00,
1.0803966414979502e+00,
1.0763144171909798e+00,
1.0123761164397078e+00,
1.0804438750257868e+00,
1.1969781022846118e+00,
1.1870279322874175e+00,
1.0315405703451357e+00,
1.0763934423900914e+00,
1.1870486684664929e+00,
1.1776066821712237e+00,
1.0302470191836857e+00,
1.0133558661683340e+00,
1.0315665237966791e+00,
1.0298179141659800e+00,
1.0053710175803765e+00,

