1
1
1
0
(16 0
((0,0) (15,15) (0,0))
((16,0) (31,15) (0,0))
((32,0) (47,15) (0,0))
((48,0) (63,15) (0,0))
((0,16) (15,31) (0,0))
((16,16) (31,31) (0,0))
((32,16) (47,31) (0,0))
((48,16) (63,31) (0,0))
((0,32) (15,47) (0,0))
((16,32) (31,47) (0,0))
((32,32) (47,47) (0,0))
((48,32) (63,47) (0,0))
((0,48) (15,63) (0,0))
((16,48) (31,63) (0,0))
((32,48) (47,63) (0,0))
((48,48) (63,63) (0,0))
)
16
FabOnDisk: Cell_D_00000 0
FabOnDisk: Cell_D_00000 2130
FabOnDisk: Cell_D_00000 4261
FabOnDisk: Cell_D_00000 6392
FabOnDisk: Cell_D_00000 8523
FabOnDisk: Cell_D_00000 10654
FabOnDisk: Cell_D_00000 12786
FabOnDisk: Cell_D_00000 14918
FabOnDisk: Cell_D_00000 17050
FabOnDisk: Cell_D_00000 19181
FabOnDisk: Cell_D_00000 21313
FabOnDisk: Cell_D_00000 23445
FabOnDisk: Cell_D_00000 25577
FabOnDisk: Cell_D_00000 27708
FabOnDisk: Cell_D_00000 29840
FabOnDisk: Cell_D_00000 31972

16,1
1.0000000205070592e+00,
1.0000000000437164e+00,
1.0000000062447794e+00,
1.0000092007826900e+00,
1.0000000000558906e+00,
1.0000000000000744e+00,
1.0000000000066811e+00,
1.0000000082951852e+00,
1.0000000072277606e+00,
1.0000000000070313e+00,
1.0000000006446146e+00,
1.0000005533521288e+00,
1.0000035305277108e+00,
1.0000000098612793e+00,
1.0000014451229366e+00,
1.0076313920338520e+00,

16,1
1.0186404370166358e+00,
1.0000074311979938e+00,
1.0078924252492316e+00,
1.0662647993580769e+00,
1.0000039435333501e+00,
1.0000000057292233e+00,
1.0000038025404789e+00,
1.0000115745404641e+00,
1.0076872024541355e+00,
1.0000014152363872e+00,
1.0033073784028708e+00,
1.0279645865250815e+00,
1.0662776677993571e+00,
1.0000114550743511e+00,
1.0279824887799798e+00,
1.2378302210350460e+00,

