1
1
1
0
(16 0
((0,0) (15,15) (0,0))
((16,0) (31,15) (0,0))
((32,0) (47,15) (0,0))
((48,0) (63,15) (0,0))
((0,16) (15,31) (0,0))
((16,16) (31,31) (0,0))
((32,16) (47,31) (0,0))
((48,16) (63,31) (0,0))
((0,32) (15,47) (0,0))
((16,32) (31,47) (0,0))
((32,32) (47,47) (0,0))
((48,32) (63,47) (0,0))
((0,48) (15,63) (0,0))
((16,48) (31,63) (0,0))
((32,48) (47,63) (0,0))
((48,48) (63,63) (0,0))
)
16
FabOnDisk: Cell_D_00000 0
FabOnDisk: Cell_D_00000 2130
FabOnDisk: Cell_D_00000 4261
FabOnDisk: Cell_D_00000 6392
FabOnDisk: Cell_D_00000 8523
FabOnDisk: Cell_D_00000 10654
FabOnDisk: Cell_D_00000 12786
FabOnDisk: Cell_D_00000 14918
FabOnDisk: Cell_D_00000 17050
FabOnDisk: Cell_D_00000 19181
FabOnDisk: Cell_D_00000 21313
FabOnDisk: Cell_D_00000 23445
FabOnDisk: Cell_D_00000 25577
FabOnDisk: Cell_D_00000 27708
FabOnDisk: Cell_D_00000 29840
FabOnDisk: Cell_D_00000 31972

16,1
1.0000000000000073e+00,
1.0000000005838643e+00,
1.0000000000329421e+00,
1.0000000000000042e+00,
1.0000000019427486e+00,
1.0001954941605331e+00,
1.0000055388375666e+00,
1.0000000000287363e+00,
1.0000000011162142e+00,
1.0001080435435552e+00,
1.0000026895038843e+00,
1.0000000000136613e+00,
1.0000000000000042e+00,
1.0000000001254741e+00,
1.0000000000052931e+00,
1.0000000000000040e+00,

16,1
1.0000544710697987e+00,
1.0020279497627620e+00,
1.0017984068807888e+00,
1.0000026029005082e+00,
1.0058397513797610e+00,
1.1827207857466528e+00,
1.1554048717654162e+00,
1.0001732290228720e+00,
1.0075916821067761e+00,
1.1813363898019846e+00,
1.1433821167433771e+00,
1.0000999626207003e+00,
1.0000478903688257e+00,
1.0009910835433249e+00,
1.0007410789322380e+00,
1.0000003757452729e+00,

