1
1
1
0
(16 0
((0,0) (15,15) (0,0))
((16,0) (31,15) (0,0))
((32,0) (47,15) (0,0))
((48,0) (63,15) (0,0))
((0,16) (15,31) (0,0))
((16,16) (31,31) (0,0))
((32,16) (47,31) (0,0))
((48,16) (63,31) (0,0))
((0,32) (15,47) (0,0))
((16,32) (31,47) (0,0))
((32,32) (47,47) (0,0))
((48,32) (63,47) (0,0))
((0,48) (15,63) (0,0))
((16,48) (31,63) (0,0))
((32,48) (47,63) (0,0))
((48,48) (63,63) (0,0))
)
16
FabOnDisk: Cell_D_00000 0
FabOnDisk: Cell_D_00000 2130
FabOnDisk: Cell_D_00000 4261
FabOnDisk: Cell_D_00000 6392
FabOnDisk: Cell_D_00000 8523
FabOnDisk: Cell_D_00000 10654
FabOnDisk: Cell_D_00000 12786
FabOnDisk: Cell_D_00000 14918
FabOnDisk: Cell_D_00000 17050
FabOnDisk: Cell_D_00000 19181
FabOnDisk: Cell_D_00000 21313
FabOnDisk: Cell_D_00000 23445
FabOnDisk: Cell_D_00000 25577
FabOnDisk: Cell_D_00000 27708
FabOnDisk: Cell_D_00000 29840
FabOnDisk: Cell_D_00000 31972

16,1
1.0129655933313420e+00,
1.0001198600535686e+00,
1.0000220954656418e+00,
1.0012159603929240e+00,
1.0017468862843399e+00,
1.0000144766795100e+00,
1.0000031336201085e+00,
1.0001939523653023e+00,
1.0000344710654605e+00,
1.0000003215479265e+00,
1.0000000647296889e+00,
1.0000030008814593e+00,
1.0001651212881293e+00,
1.0000017700023536e+00,
1.0000002688620566e+00,
1.0000122598452346e+00,

16,1
1.0768183803900413e+00,
1.0289007950186182e+00,
1.0022422335308316e+00,
1.0597274854047540e+00,
1.0661203654812605e+00,
1.0222501039945560e+00,
1.0023030633961414e+00,
1.0539420256812353e+00,
1.0031245028730671e+00,
1.0009527115630779e+00,
1.0001259731511012e+00,
1.0026465108753224e+00,
1.0248716776282323e+00,
1.0102761559971445e+00,
1.0006162836270245e+00,
1.0184374587461134e+00,

