HyperCLaw-V1.1
1
phi
2
3.77860186196562
1
-1 -1 
1 1 
2 
((0,0) (63,63) (0,0)) ((0,0) (127,127) (0,0)) 
190 380 
0.03125 0.03125 
0.015625 0.015625 
0
0
0 16 3.77860186196562
190
-1 -0.5
-1 -0.5
-0.5 0
-1 -0.5
0 0.5
-1 -0.5
0.5 1
-1 -0.5
-1 -0.5
-0.5 0
-0.5 0
-0.5 0
0 0.5
-0.5 0
0.5 1
-0.5 0
-1 -0.5
0 0.5
-0.5 0
0 0.5
0 0.5
0 0.5
0.5 1
0 0.5
-1 -0.5
0.5 1
-0.5 0
0.5 1
0 0.5
0.5 1
0.5 1
0.5 1
Level_0/Cell
1 16 3.77860186196562
380
-0.875 -0.625
-0.75 -0.5
-0.625 -0.375
-0.75 -0.5
-0.375 -0.125
-0.75 -0.5
-0.125 0.125
-0.75 -0.5
-0.875 -0.625
-0.5 -0.25
-0.625 -0.375
-0.5 -0.25
-0.375 -0.125
-0.5 -0.25
-0.125 0.125
-0.5 -0.25
-0.875 -0.625
-0.25 0
-0.625 -0.375
-0.25 0
-0.375 -0.125
-0.25 0
-0.125 0.125
-0.25 0
-0.875 -0.625
0 0.25
-0.625 -0.375
0 0.25
-0.375 -0.125
0 0.25
-0.125 0.125
0 0.25
Level_1/Cell
