1
1
1
0
(16 0
((0,0) (15,15) (0,0))
((16,0) (31,15) (0,0))
((32,0) (47,15) (0,0))
((48,0) (63,15) (0,0))
((0,16) (15,31) (0,0))
((16,16) (31,31) (0,0))
((32,16) (47,31) (0,0))
((48,16) (63,31) (0,0))
((0,32) (15,47) (0,0))
((16,32) (31,47) (0,0))
((32,32) (47,47) (0,0))
((48,32) (63,47) (0,0))
((0,48) (15,63) (0,0))
((16,48) (31,63) (0,0))
((32,48) (47,63) (0,0))
((48,48) (63,63) (0,0))
)
16
FabOnDisk: Cell_D_00000 0
FabOnDisk: Cell_D_00000 2130
FabOnDisk: Cell_D_00000 4261
FabOnDisk: Cell_D_00000 6392
FabOnDisk: Cell_D_00000 8523
FabOnDisk: Cell_D_00000 10654
FabOnDisk: Cell_D_00000 12786
FabOnDisk: Cell_D_00000 14918
FabOnDisk: Cell_D_00000 17050
FabOnDisk: Cell_D_00000 19181
FabOnDisk: Cell_D_00000 21313
FabOnDisk: Cell_D_00000 23445
FabOnDisk: Cell_D_00000 25577
FabOnDisk: Cell_D_00000 27708
FabOnDisk: Cell_D_00000 29840
FabOnDisk: Cell_D_00000 31972

16,1
1.0009409482639826e+00,
1.0000001059011223e+00,
1.0000000332280468e+00,
1.0000703877753188e+00,
1.0000003219577387e+00,
1.0000000000465272e+00,
1.0000000000289540e+00,
1.0000001496115485e+00,
1.0000000176461832e+00,
1.0000000000023450e+00,
1.0000000000010523e+00,
1.0000000015279253e+00,
1.0000144483543647e+00,
1.0000000007418581e+00,
1.0000000002449716e+00,
1.0000002873321165e+00,

16,1
1.2107349239053076e+00,
1.0024360608044538e+00,
1.0002341443936986e+00,
1.1921426182403958e+00,
1.0185848881732120e+00,
1.0003922247269190e+00,
1.0000416083693591e+00,
1.0175650265957965e+00,
1.0000372926022507e+00,
1.0000077992436645e+00,
1.0000000945904306e+00,
1.0000171254673331e+00,
1.0886792167471702e+00,
1.0005181332239805e+00,
1.0001560754093866e+00,
1.0849082840407498e+00,

