1
1
1
0
(16 0
((0,0) (15,15) (0,0))
((16,0) (31,15) (0,0))
((32,0) (47,15) (0,0))
((48,0) (63,15) (0,0))
((0,16) (15,31) (0,0))
((16,16) (31,31) (0,0))
((32,16) (47,31) (0,0))
((48,16) (63,31) (0,0))
((0,32) (15,47) (0,0))
((16,32) (31,47) (0,0))
((32,32) (47,47) (0,0))
((48,32) (63,47) (0,0))
((0,48) (15,63) (0,0))
((16,48) (31,63) (0,0))
((32,48) (47,63) (0,0))
((48,48) (63,63) (0,0))
)
16
FabOnDisk: Cell_D_00000 0
FabOnDisk: Cell_D_00000 2130
FabOnDisk: Cell_D_00000 4261
FabOnDisk: Cell_D_00000 6392
FabOnDisk: Cell_D_00000 8523
FabOnDisk: Cell_D_00000 10654
FabOnDisk: Cell_D_00000 12786
FabOnDisk: Cell_D_00000 14918
FabOnDisk: Cell_D_00000 17050
FabOnDisk: Cell_D_00000 19181
FabOnDisk: Cell_D_00000 21313
FabOnDisk: Cell_D_00000 23445
FabOnDisk: Cell_D_00000 25577
FabOnDisk: Cell_D_00000 27708
FabOnDisk: Cell_D_00000 29840
FabOnDisk: Cell_D_00000 31972

16,1
1.0000000000000044e+00,
1.0000000000024567e+00,
1.0000000002372587e+00,
1.0000000000000069e+00,
1.0000000000004126e+00,
1.0000000044498376e+00,
1.0000021845926672e+00,
1.0000000000072771e+00,
1.0000000003122902e+00,
1.0000071639013077e+00,
1.0005724010099961e+00,
1.0000000066378603e+00,
1.0000000000000187e+00,
1.0000000014109593e+00,
1.0000000214864440e+00,
1.0000000000001297e+00,

16,1
1.0000000008635508e+00,
1.0000013607573062e+00,
1.0000044702919912e+00,
1.0000009528878129e+00,
1.0000110003591192e+00,
1.0685173979262579e+00,
1.0867127466818518e+00,
1.0003038945672369e+00,
1.0000261591538320e+00,
1.1851394521638563e+00,
1.2808236059406044e+00,
1.0025511484023124e+00,
1.0000039626379091e+00,
1.0102886479747519e+00,
1.0126678475898645e+00,
1.0002025933504142e+00,

