1
1
1
0
(16 0
((0,0) (15,15) (0,0))
((16,0) (31,15) (0,0))
((32,0) (47,15) (0,0))
((48,0) (63,15) (0,0))
((0,16) (15,31) (0,0))
((16,16) (31,31) (0,0))
((32,16) (47,31) (0,0))
((48,16) (63,31) (0,0))
((0,32) (15,47) (0,0))
((16,32) (31,47) (0,0))
((32,32) (47,47) (0,0))
((48,32) (63,47) (0,0))
((0,48) (15,63) (0,0))
((16,48) (31,63) (0,0))
((32,48) (47,63) (0,0))
((48,48) (63,63) (0,0))
)
16
FabOnDisk: Cell_D_00000 0
FabOnDisk: Cell_D_00000 2130
FabOnDisk: Cell_D_00000 4261
FabOnDisk: Cell_D_00000 6392
FabOnDisk: Cell_D_00000 8523
FabOnDisk: Cell_D_00000 10654
FabOnDisk: Cell_D_00000 12786
FabOnDisk: Cell_D_00000 14918
FabOnDisk: Cell_D_00000 17050
FabOnDisk: Cell_D_00000 19181
FabOnDisk: Cell_D_00000 21313
FabOnDisk: Cell_D_00000 23445
FabOnDisk: Cell_D_00000 25577
FabOnDisk: Cell_D_00000 27708
FabOnDisk: Cell_D_00000 29840
FabOnDisk: Cell_D_00000 31972

16,1
1.0000049344684590e+00,
1.0001169795872245e+00,
1.0000000193721104e+00,
1.0000000073770832e+00,
1.0000504823647716e+00,
1.0005278785932425e+00,
1.0000003610451829e+00,
1.0000000722419733e+00,
1.0000000528711583e+00,
1.0000001734899646e+00,
1.0000000001415814e+00,
1.0000000000474498e+00,
1.0000000065615446e+00,
1.0000000866723737e+00,
1.0000000000484546e+00,
1.0000000000112903e+00,

16,1
1.1360346352508821e+00,
1.1635055016983695e+00,
1.0026166904906191e+00,
1.0002606577557027e+00,
1.1635415549935308e+00,
1.1965795044385865e+00,
1.0041849219975889e+00,
1.0002797247296702e+00,
1.0039394176937511e+00,
1.0041500187372399e+00,
1.0002736748506986e+00,
1.0000255987217113e+00,
1.0001357041702346e+00,
1.0003070803554799e+00,
1.0000536842847372e+00,
1.0000020950301156e+00,

