1
1
1
0
(16 0
((0,0) (15,15) (0,0))
((16,0) (31,15) (0,0))
((32,0) (47,15) (0,0))
((48,0) (63,15) (0,0))
((0,16) (15,31) (0,0))
((16,16) (31,31) (0,0))
((32,16) (47,31) (0,0))
((48,16) (63,31) (0,0))
((0,32) (15,47) (0,0))
((16,32) (31,47) (0,0))
((32,32) (47,47) (0,0))
((48,32) (63,47) (0,0))
((0,48) (15,63) (0,0))
((16,48) (31,63) (0,0))
((32,48) (47,63) (0,0))
((48,48) (63,63) (0,0))
)
16
FabOnDisk: Cell_D_00000 0
FabOnDisk: Cell_D_00000 2130
FabOnDisk: Cell_D_00000 4261
FabOnDisk: Cell_D_00000 6392
FabOnDisk: Cell_D_00000 8523
FabOnDisk: Cell_D_00000 10654
FabOnDisk: Cell_D_00000 12786
FabOnDisk: Cell_D_00000 14918
FabOnDisk: Cell_D_00000 17050
FabOnDisk: Cell_D_00000 19181
FabOnDisk: Cell_D_00000 21313
FabOnDisk: Cell_D_00000 23445
FabOnDisk: Cell_D_00000 25577
FabOnDisk: Cell_D_00000 27708
FabOnDisk: Cell_D_00000 29840
FabOnDisk: Cell_D_00000 31972

16,1
1.0000000047655664e+00,
1.0000000001301248e+00,
1.0000003825790169e+00,
1.0000294924641482e+00,
1.0000000000136968e+00,
1.0000000000004108e+00,
1.0000000006126757e+00,
1.0000000677861103e+00,
1.0000000040723507e+00,
1.0000000000697791e+00,
1.0000001199451138e+00,
1.0000161884024659e+00,
1.0000024505739264e+00,
1.0000000558473399e+00,
1.0001416399313381e+00,
1.0129019769215033e+00,

16,1
1.0111085579405836e+00,
1.0001292378356541e+00,
1.0436101823382089e+00,
1.0677092985527290e+00,
1.0000089398565668e+00,
1.0000001540513312e+00,
1.0000443438438282e+00,
1.0000644786430779e+00,
1.0091768205643208e+00,
1.0000456425114927e+00,
1.0220750146657478e+00,
1.0403352024861170e+00,
1.0269653569669377e+00,
1.0002023745204116e+00,
1.0819462022862569e+00,
1.1380697998226768e+00,

