1
1
1
0
(16 0
((56,56) (71,71) (0,0))
((72,56) (87,71) (0,0))
((88,56) (103,71) (0,0))
((104,56) (119,71) (0,0))
((56,72) (71,87) (0,0))
((72,72) (87,87) (0,0))
((88,72) (103,87) (0,0))
((104,72) (119,87) (0,0))
((56,88) (71,103) (0,0))
((72,88) (87,103) (0,0))
((88,88) (103,103) (0,0))
((104,88) (119,103) (0,0))
((56,104) (71,119) (0,0))
((72,104) (87,119) (0,0))
((88,104) (103,119) (0,0))
((104,104) (119,119) (0,0))
)
16
FabOnDisk: Cell_D_00000 0
FabOnDisk: Cell_D_00000 2132
FabOnDisk: Cell_D_00000 4264
FabOnDisk: Cell_D_00000 6397
FabOnDisk: Cell_D_00000 8531
FabOnDisk: Cell_D_00000 10663
FabOnDisk: Cell_D_00000 12795
FabOnDisk: Cell_D_00000 14928
FabOnDisk: Cell_D_00000 17062
FabOnDisk: Cell_D_00000 19195
FabOnDisk: Cell_D_00000 21328
FabOnDisk: Cell_D_00000 23462
FabOnDisk: Cell_D_00000 25597
FabOnDisk: Cell_D_00000 27731
FabOnDisk: Cell_D_00000 29865
FabOnDisk: Cell_D_00000 32000

16,1
1.0000819563449359e+00,
1.0007288104795038e+00,
1.0014447519327916e+00,
1.0000919794508625e+00,
1.0012784079299715e+00,
1.0232126527597769e+00,
1.0231137357370772e+00,
1.0006229476595532e+00,
1.0009719992771742e+00,
1.0236396892452131e+00,
1.0238358647013854e+00,
1.0018896705745308e+00,
1.0001708559993412e+00,
1.0016642094468786e+00,
1.0008562459210677e+00,
1.0001790260988532e+00,

16,1
1.0179090506600657e+00,
1.0545685302374346e+00,
1.0546199201936519e+00,
1.0176894166729387e+00,
1.0546178787926572e+00,
1.1667647346914960e+00,
1.1669316105729850e+00,
1.0548640466574519e+00,
1.0546731904627913e+00,
1.1669396810124353e+00,
1.1671071975041782e+00,
1.0549785504928835e+00,
1.0182487625860819e+00,
1.0549982403633986e+00,
1.0550216948130873e+00,
1.0183451208280687e+00,

