1
1
1
0
(16 0
((0,0) (15,15) (0,0))
((16,0) (31,15) (0,0))
((32,0) (47,15) (0,0))
((48,0) (63,15) (0,0))
((0,16) (15,31) (0,0))
((16,16) (31,31) (0,0))
((32,16) (47,31) (0,0))
((48,16) (63,31) (0,0))
((0,32) (15,47) (0,0))
((16,32) (31,47) (0,0))
((32,32) (47,47) (0,0))
((48,32) (63,47) (0,0))
((0,48) (15,63) (0,0))
((16,48) (31,63) (0,0))
((32,48) (47,63) (0,0))
((48,48) (63,63) (0,0))
)
16
FabOnDisk: Cell_D_00000 0
FabOnDisk: Cell_D_00000 2130
FabOnDisk: Cell_D_00000 4261
FabOnDisk: Cell_D_00000 6392
FabOnDisk: Cell_D_00000 8523
FabOnDisk: Cell_D_00000 10654
FabOnDisk: Cell_D_00000 12786
FabOnDisk: Cell_D_00000 14918
FabOnDisk: Cell_D_00000 17050
FabOnDisk: Cell_D_00000 19181
FabOnDisk: Cell_D_00000 21313
FabOnDisk: Cell_D_00000 23445
FabOnDisk: Cell_D_00000 25577
FabOnDisk: Cell_D_00000 27708
FabOnDisk: Cell_D_00000 29840
FabOnDisk: Cell_D_00000 31972

16,1
1.0000000000021292e+00,
1.0000000304725269e+00,
1.0000000000018616e+00,
1.0000000000000029e+00,
1.0000002369750443e+00,
1.0033982033758335e+00,
1.0000000141218750e+00,
1.0000000000138798e+00,
1.0000000000882652e+00,
1.0000003274868097e+00,
1.0000000000035694e+00,
1.0000000000000058e+00,
1.0000000000000033e+00,
1.0000000000380587e+00,
1.0000000000000056e+00,
1.0000000000000022e+00,

16,1
1.0019881478493762e+00,
1.0154547480602778e+00,
1.0012216760257002e+00,
1.0000000420603450e+00,
1.0476765132738184e+00,
1.3248951830262965e+00,
1.0231013907778475e+00,
1.0000004159816573e+00,
1.0098469758297213e+00,
1.0613086693402018e+00,
1.0035364783524394e+00,
1.0000002002568094e+00,
1.0000003068086121e+00,
1.0000007371285382e+00,
1.0000000657053909e+00,
1.0000000000233376e+00,

