1
1
1
0
(16 0
((0,0) (15,15) (0,0))
((16,0) (31,15) (0,0))
((32,0) (47,15) (0,0))
((48,0) (63,15) (0,0))
((0,16) (15,31) (0,0))
((16,16) (31,31) (0,0))
((32,16) (47,31) (0,0))
((48,16) (63,31) (0,0))
((0,32) (15,47) (0,0))
((16,32) (31,47) (0,0))
((32,32) (47,47) (0,0))
((48,32) (63,47) (0,0))
((0,48) (15,63) (0,0))
((16,48) (31,63) (0,0))
((32,48) (47,63) (0,0))
((48,48) (63,63) (0,0))
)
16
FabOnDisk: Cell_D_00000 0
FabOnDisk: Cell_D_00000 2130
FabOnDisk: Cell_D_00000 4261
FabOnDisk: Cell_D_00000 6392
FabOnDisk: Cell_D_00000 8523
FabOnDisk: Cell_D_00000 10654
FabOnDisk: Cell_D_00000 12786
FabOnDisk: Cell_D_00000 14918
FabOnDisk: Cell_D_00000 17050
FabOnDisk: Cell_D_00000 19181
FabOnDisk: Cell_D_00000 21313
FabOnDisk: Cell_D_00000 23445
FabOnDisk: Cell_D_00000 25577
FabOnDisk: Cell_D_00000 27708
FabOnDisk: Cell_D_00000 29840
FabOnDisk: Cell_D_00000 31972

16,1
1.0000000323713878e+00,
1.0000028805969308e+00,
1.0000053693958386e+00,
1.0000000293374709e+00,
1.0000047720686029e+00,
1.0007513237446570e+00,
1.0002806361090337e+00,
1.0000033396748718e+00,
1.0000031878967457e+00,
1.0006922143415879e+00,
1.0003579871379156e+00,
1.0000030115830356e+00,
1.0000000304584824e+00,
1.0000032116174684e+00,
1.0000034183856474e+00,
1.0000000269544114e+00,

16,1
1.0003960052298906e+00,
1.0062505553953673e+00,
1.0061304809539968e+00,
1.0001755335779887e+00,
1.0063160408361229e+00,
1.1274811597658800e+00,
1.1241455933879179e+00,
1.0024941162847385e+00,
1.0060391241624640e+00,
1.1241834739768772e+00,
1.1209417928619700e+00,
1.0026619659735507e+00,
1.0004254064326461e+00,
1.0026637871848336e+00,
1.0023198048753805e+00,
1.0002169671537466e+00,

