1
1
1
0
(16 0
((0,0) (15,15) (0,0))
((16,0) (31,15) (0,0))
((32,0) (47,15) (0,0))
((48,0) (63,15) (0,0))
((0,16) (15,31) (0,0))
((16,16) (31,31) (0,0))
((32,16) (47,31) (0,0))
((48,16) (63,31) (0,0))
((0,32) (15,47) (0,0))
((16,32) (31,47) (0,0))
((32,32) (47,47) (0,0))
((48,32) (63,47) (0,0))
((0,48) (15,63) (0,0))
((16,48) (31,63) (0,0))
((32,48) (47,63) (0,0))
((48,48) (63,63) (0,0))
)
16
FabOnDisk: Cell_D_00000 0
FabOnDisk: Cell_D_00000 2130
FabOnDisk: Cell_D_00000 4261
FabOnDisk: Cell_D_00000 6392
FabOnDisk: Cell_D_00000 8523
FabOnDisk: Cell_D_00000 10654
FabOnDisk: Cell_D_00000 12786
FabOnDisk: Cell_D_00000 14918
FabOnDisk: Cell_D_00000 17050
FabOnDisk: Cell_D_00000 19181
FabOnDisk: Cell_D_00000 21313
FabOnDisk: Cell_D_00000 23445
FabOnDisk: Cell_D_00000 25577
FabOnDisk: Cell_D_00000 27708
FabOnDisk: Cell_D_00000 29840
FabOnDisk: Cell_D_00000 31972

16,1
1.0000048183918144e+00,
1.0001253307779412e+00,
1.0000035543052059e+00,
1.0000003134329887e+00,
1.0004638141392479e+00,
1.0112090463350696e+00,
1.0002915443290186e+00,
1.0000275602574866e+00,
1.0003304565180346e+00,
1.0068013093873229e+00,
1.0001597598666441e+00,
1.0000170661910508e+00,
1.0000035707106552e+00,
1.0000925173585455e+00,
1.0000024686601978e+00,
1.0000002461879236e+00,

16,1
1.0084143851868703e+00,
1.0141951742610897e+00,
1.0088264049324058e+00,
1.0002284910468635e+00,
1.0438032480276858e+00,
1.0696811378834881e+00,
1.0406817602427825e+00,
1.0013172222214937e+00,
1.0462929099234561e+00,
1.0688544808653082e+00,
1.0370456755895752e+00,
1.0015712967202177e+00,
1.0061567490610213e+00,
1.0087158776956553e+00,
1.0043604951670280e+00,
1.0002308720957735e+00,

