1
1
1
0
(16 0
((0,0) (15,15) (0,0))
((16,0) (23,15) (0,0))
((0,16) (15,23) (0,0))
((16,16) (23,23) (0,0))
((96,0) (111,15) (0,0))
((112,0) (127,15) (0,0))
((96,16) (111,23) (0,0))
((112,16) (127,23) (0,0))
((0,96) (15,111) (0,0))
((16,96) (23,111) (0,0))
((0,112) (15,127) (0,0))
((16,112) (23,127) (0,0))
((96,96) (111,111) (0,0))
((112,96) (127,111) (0,0))
((96,112) (111,127) (0,0))
((112,112) (127,127) (0,0))
)
16
FabOnDisk: Cell_D_00000 0
FabOnDisk: Cell_D_00000 2130
FabOnDisk: Cell_D_00000 3237
FabOnDisk: Cell_D_00000 4344
FabOnDisk: Cell_D_00000 4940
FabOnDisk: Cell_D_00000 7072
FabOnDisk: Cell_D_00000 9205
FabOnDisk: Cell_D_00000 10314
FabOnDisk: Cell_D_00000 11424
FabOnDisk: Cell_D_00000 13556
FabOnDisk: Cell_D_00000 14665
FabOnDisk: Cell_D_00000 16798
FabOnDisk: Cell_D_00000 17908
FabOnDisk: Cell_D_00000 20042
FabOnDisk: Cell_D_00000 22177
FabOnDisk: Cell_D_00000 24312

16,1
1.0107676625470965e+00,
1.0024073526154240e+00,
1.0014285673367740e+00,
1.0004688315981960e+00,
1.0002968908107173e+00,
1.0156611096050927e+00,
1.0000962077928204e+00,
1.0029467022329694e+00,
1.0006371176548357e+00,
1.0001499882424039e+00,
1.0151067697835909e+00,
1.0015448930146775e+00,
1.0000174865231397e+00,
1.0002015976434178e+00,
1.0005347731831202e+00,
1.0224318439251359e+00,

16,1
1.2221236455024018e+00,
1.0399832543054430e+00,
1.0398460011602424e+00,
1.0073623401547611e+00,
1.0598872536325412e+00,
1.2245516133682750e+00,
1.0110341953818942e+00,
1.0403631528733148e+00,
1.0598476888930071e+00,
1.0104405856287215e+00,
1.2245453533242960e+00,
1.0403330937659063e+00,
1.0161560489848209e+00,
1.0605070020687659e+00,
1.0605406981457044e+00,
1.2270005110138300e+00,

