1
1
1
0
(9 0
((56,56) (71,71) (0,0))
((72,56) (87,71) (0,0))
((88,56) (95,71) (0,0))
((56,72) (71,87) (0,0))
((72,72) (87,87) (0,0))
((88,72) (95,87) (0,0))
((56,88) (71,95) (0,0))
((72,88) (87,95) (0,0))
((88,88) (95,95) (0,0))
)
9
FabOnDisk: Cell_D_00000 0
FabOnDisk: Cell_D_00000 2132
FabOnDisk: Cell_D_00000 4264
FabOnDisk: Cell_D_00000 5372
FabOnDisk: Cell_D_00000 7504
FabOnDisk: Cell_D_00000 9636
FabOnDisk: Cell_D_00000 10744
FabOnDisk: Cell_D_00000 11852
FabOnDisk: Cell_D_00000 12960

9,1
1.0000000808614138e+00,
1.0000665283871752e+00,
1.0000002518538731e+00,
1.0000336307962405e+00,
1.0060425751348590e+00,
1.0000989556797875e+00,
1.0000004990543796e+00,
1.0000716714027720e+00,
1.0000011193572089e+00,

9,1
1.3083522080223140e+00,
1.4724421355675077e+00,
1.0212529746072139e+00,
1.5532375802887621e+00,
1.8108912863008306e+00,
1.0429092583388684e+00,
1.0373654114291431e+00,
1.0515313620695343e+00,
1.0016557134709319e+00,

