1
1
1
0
(9 0
((0,0) (15,15) (0,0))
((16,0) (31,15) (0,0))
((0,16) (15,31) (0,0))
((16,16) (31,31) (0,0))
((112,0) (127,15) (0,0))
((112,16) (127,31) (0,0))
((0,112) (15,127) (0,0))
((16,112) (31,127) (0,0))
((120,120) (127,127) (0,0))
)
9
FabOnDisk: Cell_D_00000 0
FabOnDisk: Cell_D_00000 2130
FabOnDisk: Cell_D_00000 4261
FabOnDisk: Cell_D_00000 6392
FabOnDisk: Cell_D_00000 8524
FabOnDisk: Cell_D_00000 10657
FabOnDisk: Cell_D_00000 12791
FabOnDisk: Cell_D_00000 14924
FabOnDisk: Cell_D_00000 17058

9,1
1.0229559498428966e+00,
1.0015058235831928e+00,
1.0025106354318172e+00,
1.0002870365022383e+00,
1.0000454393538416e+00,
1.0000075291522477e+00,
1.0000157719590248e+00,
1.0000336288088154e+00,
1.0001378116368180e+00,

9,1
1.4239216090220124e+00,
1.3574262438809801e+00,
1.3574283746554427e+00,
1.3013713605311046e+00,
1.0765956088258217e+00,
1.0645846595314112e+00,
1.0765951299459233e+00,
1.0645668672391786e+00,
1.0138470095565695e+00,

