1
1
1
0
(12 0
((8,8) (23,23) (0,0))
((24,8) (39,23) (0,0))
((40,8) (55,23) (0,0))
((8,24) (23,39) (0,0))
((24,24) (39,39) (0,0))
((40,24) (55,39) (0,0))
((8,40) (23,55) (0,0))
((24,40) (39,55) (0,0))
((40,40) (55,55) (0,0))
((8,56) (23,63) (0,0))
((24,56) (39,63) (0,0))
((40,56) (55,63) (0,0))
)
12
FabOnDisk: Cell_D_00000 0
FabOnDisk: Cell_D_00000 2130
FabOnDisk: Cell_D_00000 4261
FabOnDisk: Cell_D_00000 6392
FabOnDisk: Cell_D_00000 8523
FabOnDisk: Cell_D_00000 10655
FabOnDisk: Cell_D_00000 12787
FabOnDisk: Cell_D_00000 14918
FabOnDisk: Cell_D_00000 17050
FabOnDisk: Cell_D_00000 19182
FabOnDisk: Cell_D_00000 20289
FabOnDisk: Cell_D_00000 21397

12,1
1.0000008409533976e+00,
1.0000402632824563e+00,
1.0000411624312311e+00,
1.0005414716016612e+00,
1.0434538102596302e+00,
1.0006386817062722e+00,
1.0001255582553394e+00,
1.0120926367225960e+00,
1.0004165547647015e+00,
1.0000170487294076e+00,
1.0007356247589803e+00,
1.0000314661021876e+00,

12,1
1.0256156496242206e+00,
1.0594949138431158e+00,
1.0393622750083213e+00,
1.1215129189895223e+00,
1.3515718366616014e+00,
1.2662301481639626e+00,
1.1281065070094909e+00,
1.3343712865656727e+00,
1.2335400068666926e+00,
1.0084484934278846e+00,
1.0166758002539296e+00,
1.0091924743418434e+00,

