1
1
1
0
(16 0
((0,0) (15,15) (0,0))
((16,0) (31,15) (0,0))
((32,0) (47,15) (0,0))
((48,0) (63,15) (0,0))
((0,16) (15,31) (0,0))
((16,16) (31,31) (0,0))
((32,16) (47,31) (0,0))
((48,16) (63,31) (0,0))
((0,32) (15,47) (0,0))
((16,32) (31,47) (0,0))
((32,32) (47,47) (0,0))
((48,32) (63,47) (0,0))
((0,48) (15,63) (0,0))
((16,48) (31,63) (0,0))
((32,48) (47,63) (0,0))
((48,48) (63,63) (0,0))
)
16
FabOnDisk: Cell_D_00000 0
FabOnDisk: Cell_D_00000 2130
FabOnDisk: Cell_D_00000 4261
FabOnDisk: Cell_D_00000 6392
FabOnDisk: Cell_D_00000 8523
FabOnDisk: Cell_D_00000 10654
FabOnDisk: Cell_D_00000 12786
FabOnDisk: Cell_D_00000 14918
FabOnDisk: Cell_D_00000 17050
FabOnDisk: Cell_D_00000 19181
FabOnDisk: Cell_D_00000 21313
FabOnDisk: Cell_D_00000 23445
FabOnDisk: Cell_D_00000 25577
FabOnDisk: Cell_D_00000 27708
FabOnDisk: Cell_D_00000 29840
FabOnDisk: Cell_D_00000 31972

16,1
1.0001959363225215e+00,
1.0000483181873889e+00,
1.0008228550388585e+00,
1.0066438753241520e+00,
1.0000061197260119e+00,
1.0000014064608325e+00,
1.0000187788131361e+00,
1.0001869735792126e+00,
1.0000082636963610e+00,
1.0000017337878706e+00,
1.0000241404741352e+00,
1.0002391900186767e+00,
1.0003545688584925e+00,
1.0000769022520690e+00,
1.0011662148700737e+00,
1.0109705501219446e+00,

16,1
1.0291022633135518e+00,
1.0032966652733555e+00,
1.0475423773456922e+00,
1.0596040801088937e+00,
1.0043829693590234e+00,
1.0006075549470672e+00,
1.0079947763078396e+00,
1.0096567194650898e+00,
1.0088788377150510e+00,
1.0006469665143356e+00,
1.0114068348949612e+00,
1.0156642889491860e+00,
1.0320171244229324e+00,
1.0028605431446260e+00,
1.0459578860369318e+00,
1.0603929740948217e+00,

