1
1
1
0
(16 0
((16,32) (31,47) (0,0))
((32,32) (47,47) (0,0))
((48,32) (63,47) (0,0))
((64,32) (79,47) (0,0))
((16,48) (31,63) (0,0))
((32,48) (47,63) (0,0))
((48,48) (63,63) (0,0))
((64,48) (79,63) (0,0))
((16,64) (31,79) (0,0))
((32,64) (47,79) (0,0))
((48,64) (63,79) (0,0))
((64,64) (79,79) (0,0))
((16,80) (31,87) (0,0))
((32,80) (47,87) (0,0))
((48,80) (63,87) (0,0))
((64,80) (79,87) (0,0))
)
16
FabOnDisk: Cell_D_00000 0
FabOnDisk: Cell_D_00000 2132
FabOnDisk: Cell_D_00000 4264
FabOnDisk: Cell_D_00000 6396
FabOnDisk: Cell_D_00000 8528
FabOnDisk: Cell_D_00000 10660
FabOnDisk: Cell_D_00000 12792
FabOnDisk: Cell_D_00000 14924
FabOnDisk: Cell_D_00000 17056
FabOnDisk: Cell_D_00000 19188
FabOnDisk: Cell_D_00000 21320
FabOnDisk: Cell_D_00000 23452
FabOnDisk: Cell_D_00000 25584
FabOnDisk: Cell_D_00000 26692
FabOnDisk: Cell_D_00000 27800
FabOnDisk: Cell_D_00000 28908

16,1
1.0000446077980754e+00,
1.0003570837270017e+00,
1.0024097632711655e+00,
1.0002756536103563e+00,
1.0004580268898995e+00,
1.0186286731543746e+00,
1.0365201091112117e+00,
1.0014533230028018e+00,
1.0002024632521094e+00,
1.0099722379505709e+00,
1.0274947345811491e+00,
1.0022781991720264e+00,
1.0000710649902516e+00,
1.0020292632510490e+00,
1.0060636729279719e+00,
1.0006537774825774e+00,

16,1
1.0132953666872471e+00,
1.0606602459602530e+00,
1.0636819915009823e+00,
1.0297707131060263e+00,
1.0309310252157819e+00,
1.1651393885689854e+00,
1.1779331433782574e+00,
1.0961085320364681e+00,
1.0342656458843875e+00,
1.1673753023375735e+00,
1.1761105188650314e+00,
1.0805122811325700e+00,
1.0079765895149047e+00,
1.0409611158159453e+00,
1.0433421430261316e+00,
1.0194956727268079e+00,

