1
1
1
0
(16 0
((0,0) (15,15) (0,0))
((16,0) (31,15) (0,0))
((32,0) (47,15) (0,0))
((48,0) (63,15) (0,0))
((0,16) (15,31) (0,0))
((16,16) (31,31) (0,0))
((32,16) (47,31) (0,0))
((48,16) (63,31) (0,0))
((0,32) (15,47) (0,0))
((16,32) (31,47) (0,0))
((32,32) (47,47) (0,0))
((48,32) (63,47) (0,0))
((0,48) (15,63) (0,0))
((16,48) (31,63) (0,0))
((32,48) (47,63) (0,0))
((48,48) (63,63) (0,0))
)
16
FabOnDisk: Cell_D_00000 0
FabOnDisk: Cell_D_00000 2130
FabOnDisk: Cell_D_00000 4261
FabOnDisk: Cell_D_00000 6392
FabOnDisk: Cell_D_00000 8523
FabOnDisk: Cell_D_00000 10654
FabOnDisk: Cell_D_00000 12786
FabOnDisk: Cell_D_00000 14918
FabOnDisk: Cell_D_00000 17050
FabOnDisk: Cell_D_00000 19181
FabOnDisk: Cell_D_00000 21313
FabOnDisk: Cell_D_00000 23445
FabOnDisk: Cell_D_00000 25577
FabOnDisk: Cell_D_00000 27708
FabOnDisk: Cell_D_00000 29840
FabOnDisk: Cell_D_00000 31972

16,1
1.0000974261392335e+00,
1.0000093470688640e+00,
1.0000909320826508e+00,
1.0030398572149619e+00,
1.0000015187247877e+00,
1.0000001690475788e+00,
1.0000017193536317e+00,
1.0000370226883155e+00,
1.0000015714002193e+00,
1.0000001614778420e+00,
1.0000013946717246e+00,
1.0000299658285972e+00,
1.0000512131189769e+00,
1.0000080558996469e+00,
1.0001267021869569e+00,
1.0037454622251096e+00,

16,1
1.0423586129544744e+00,
1.0005099469654009e+00,
1.0649630856670458e+00,
1.1078969390594000e+00,
1.0017420008533557e+00,
1.0000658711894801e+00,
1.0033588030296250e+00,
1.0050615736818134e+00,
1.0027753136840012e+00,
1.0000613413064432e+00,
1.0019722044622155e+00,
1.0050910919781433e+00,
1.0387549014288919e+00,
1.0004379745475258e+00,
1.0664554880741484e+00,
1.1077436825541065e+00,

