1
1
1
0
(16 0
((0,0) (15,15) (0,0))
((16,0) (31,15) (0,0))
((32,0) (47,15) (0,0))
((48,0) (63,15) (0,0))
((0,16) (15,31) (0,0))
((16,16) (31,31) (0,0))
((32,16) (47,31) (0,0))
((48,16) (63,31) (0,0))
((0,32) (15,47) (0,0))
((16,32) (31,47) (0,0))
((32,32) (47,47) (0,0))
((48,32) (63,47) (0,0))
((0,48) (15,63) (0,0))
((16,48) (31,63) (0,0))
((32,48) (47,63) (0,0))
((48,48) (63,63) (0,0))
)
16
FabOnDisk: Cell_D_00000 0
FabOnDisk: Cell_D_00000 2130
FabOnDisk: Cell_D_00000 4261
FabOnDisk: Cell_D_00000 6392
FabOnDisk: Cell_D_00000 8523
FabOnDisk: Cell_D_00000 10654
FabOnDisk: Cell_D_00000 12786
FabOnDisk: Cell_D_00000 14918
FabOnDisk: Cell_D_00000 17050
FabOnDisk: Cell_D_00000 19181
FabOnDisk: Cell_D_00000 21313
FabOnDisk: Cell_D_00000 23445
FabOnDisk: Cell_D_00000 25577
FabOnDisk: Cell_D_00000 27708
FabOnDisk: Cell_D_00000 29840
FabOnDisk: Cell_D_00000 31972

16,1
1.0009981460086141e+00,
1.0000141485985146e+00,
1.0000124597378133e+00,
1.0009878270904418e+00,
1.0000133989160513e+00,
1.0000001990167053e+00,
1.0000001926237405e+00,
1.0000109512453708e+00,
1.0000150017229852e+00,
1.0000001863689034e+00,
1.0000001766495179e+00,
1.0000076804163889e+00,
1.0005780137096920e+00,
1.0000087111184028e+00,
1.0000094001085904e+00,
1.0006730893068383e+00,

16,1
1.1109066927414912e+00,
1.0049843744151956e+00,
1.0053663170827187e+00,
1.1107795257916186e+00,
1.0047301581196550e+00,
1.0006407537416162e+00,
1.0006436233354259e+00,
1.0049822596211677e+00,
1.0054002030902511e+00,
1.0003743165946879e+00,
1.0003750246826948e+00,
1.0053340339596928e+00,
1.1107597745990752e+00,
1.0044969627838307e+00,
1.0054199264077770e+00,
1.1106342625011187e+00,

