1
1
1
0
(16 0
((16,16) (31,31) (0,0))
((32,16) (47,31) (0,0))
((48,16) (63,31) (0,0))
((64,16) (79,31) (0,0))
((16,32) (31,47) (0,0))
((32,32) (47,47) (0,0))
((48,32) (63,47) (0,0))
((64,32) (79,47) (0,0))
((16,48) (31,63) (0,0))
((32,48) (47,63) (0,0))
((48,48) (63,63) (0,0))
((64,48) (79,63) (0,0))
((16,64) (31,79) (0,0))
((32,64) (47,79) (0,0))
((48,64) (63,79) (0,0))
((64,64) (79,79) (0,0))
)
16
FabOnDisk: Cell_D_00000 0
FabOnDisk: Cell_D_00000 2132
FabOnDisk: Cell_D_00000 4264
FabOnDisk: Cell_D_00000 6396
FabOnDisk: Cell_D_00000 8528
FabOnDisk: Cell_D_00000 10660
FabOnDisk: Cell_D_00000 12792
FabOnDisk: Cell_D_00000 14924
FabOnDisk: Cell_D_00000 17056
FabOnDisk: Cell_D_00000 19188
FabOnDisk: Cell_D_00000 21320
FabOnDisk: Cell_D_00000 23452
FabOnDisk: Cell_D_00000 25584
FabOnDisk: Cell_D_00000 27716
FabOnDisk: Cell_D_00000 29848
FabOnDisk: Cell_D_00000 31980

16,1
1.0000223177181971e+00,
1.0001492322191941e+00,
1.0008733959340697e+00,
1.0000751136249857e+00,
1.0004129017365933e+00,
1.0118545429513577e+00,
1.0198492161075896e+00,
1.0004603469862206e+00,
1.0004495480124183e+00,
1.0201688514485370e+00,
1.0341407374755258e+00,
1.0021924582371065e+00,
1.0000774330030520e+00,
1.0013464727560799e+00,
1.0010906595772489e+00,
1.0001824057400501e+00,

16,1
1.0085842280451112e+00,
1.0390115836239384e+00,
1.0400551578077295e+00,
1.0147220795946625e+00,
1.0390538814177581e+00,
1.1786719825174941e+00,
1.1834572788228932e+00,
1.0681152908257305e+00,
1.0400941381253650e+00,
1.1834716105610563e+00,
1.1883870357405206e+00,
1.0700510310368396e+00,
1.0150579136540097e+00,
1.0683586055751746e+00,
1.0701363385341429e+00,
1.0262578570914473e+00,

