1
1
1
0
(12 0
((32,32) (47,47) (0,0))
((48,32) (63,47) (0,0))
((64,32) (79,47) (0,0))
((32,48) (47,63) (0,0))
((48,48) (63,63) (0,0))
((64,48) (79,63) (0,0))
((32,64) (47,79) (0,0))
((48,64) (63,79) (0,0))
((64,64) (79,79) (0,0))
((32,80) (47,87) (0,0))
((48,80) (63,87) (0,0))
((64,80) (79,87) (0,0))
)
12
FabOnDisk: Cell_D_00000 0
FabOnDisk: Cell_D_00000 2132
FabOnDisk: Cell_D_00000 4264
FabOnDisk: Cell_D_00000 6396
FabOnDisk: Cell_D_00000 8528
FabOnDisk: Cell_D_00000 10660
FabOnDisk: Cell_D_00000 12792
FabOnDisk: Cell_D_00000 14924
FabOnDisk: Cell_D_00000 17056
FabOnDisk: Cell_D_00000 19188
FabOnDisk: Cell_D_00000 20296
FabOnDisk: Cell_D_00000 21404

12,1
1.0000016476366129e+00,
1.0000548047676467e+00,
1.0000806395109003e+00,
1.0008207482325651e+00,
1.0360019338981690e+00,
1.0010647579084542e+00,
1.0002916729087470e+00,
1.0203648788439519e+00,
1.0017180852522320e+00,
1.0000516100222510e+00,
1.0021044296346149e+00,
1.0001162950089846e+00,

12,1
1.0219027167657984e+00,
1.0470204306886983e+00,
1.0340395162028508e+00,
1.1107352548750566e+00,
1.3033508842083055e+00,
1.2491454887850697e+00,
1.1286853100450660e+00,
1.3017667215914899e+00,
1.2272055741406356e+00,
1.0156269897959649e+00,
1.0329209808512674e+00,
1.0226715964154744e+00,

