HyperCLaw-V1.1
1
phi
2
4.9718445552179
1
-1 -1 
1 1 
2 
((0,0) (63,63) (0,0)) ((0,0) (127,127) (0,0)) 
250 500 
0.03125 0.03125 
0.015625 0.015625 
0
0
0 16 4.9718445552179
250
-1 -0.5
-1 -0.5
-0.5 0
-1 -0.5
0 0.5
-1 -0.5
0.5 1
-1 -0.5
-1 -0.5
-0.5 0
-0.5 0
-0.5 0
0 0.5
-0.5 0
0.5 1
-0.5 0
-1 -0.5
0 0.5
-0.5 0
0 0.5
0 0.5
0 0.5
0.5 1
0 0.5
-1 -0.5
0.5 1
-0.5 0
0.5 1
0 0.5
0.5 1
0.5 1
0.5 1
Level_0/Cell
1 4 4.9718445552179
500
-0.25 0
-0.25 0
0 0.25
-0.25 0
-0.25 0
0 0.25
0 0.25
0 0.25
Level_1/Cell
