1
1
1
0
(16 0
((0,0) (15,15) (0,0))
((16,0) (31,15) (0,0))
((32,0) (47,15) (0,0))
((48,0) (63,15) (0,0))
((0,16) (15,31) (0,0))
((16,16) (31,31) (0,0))
((32,16) (47,31) (0,0))
((48,16) (63,31) (0,0))
((0,32) (15,47) (0,0))
((16,32) (31,47) (0,0))
((32,32) (47,47) (0,0))
((48,32) (63,47) (0,0))
((0,48) (15,63) (0,0))
((16,48) (31,63) (0,0))
((32,48) (47,63) (0,0))
((48,48) (63,63) (0,0))
)
16
FabOnDisk: Cell_D_00000 0
FabOnDisk: Cell_D_00000 2130
FabOnDisk: Cell_D_00000 4261
FabOnDisk: Cell_D_00000 6392
FabOnDisk: Cell_D_00000 8523
FabOnDisk: Cell_D_00000 10654
FabOnDisk: Cell_D_00000 12786
FabOnDisk: Cell_D_00000 14918
FabOnDisk: Cell_D_00000 17050
FabOnDisk: Cell_D_00000 19181
FabOnDisk: Cell_D_00000 21313
FabOnDisk: Cell_D_00000 23445
FabOnDisk: Cell_D_00000 25577
FabOnDisk: Cell_D_00000 27708
FabOnDisk: Cell_D_00000 29840
FabOnDisk: Cell_D_00000 31972

16,1
1.0001165517855710e+00,
1.0000000000046696e+00,
1.0000000000000042e+00,
1.0000000517923671e+00,
1.0000000000214795e+00,
1.0000000000000029e+00,
1.0000000000000002e+00,
1.0000000000000213e+00,
1.0000000000000075e+00,
1.0000000000000000e+00,
1.0000000000000000e+00,
1.0000000000000000e+00,
1.0000000400170863e+00,
1.0000000000000000e+00,
1.0000000000000000e+00,
1.0000000000012914e+00,

16,1
1.4154877237404717e+00,
1.0015266731874872e+00,
1.0000002530030105e+00,
1.1276700139646956e+00,
1.0046800829478624e+00,
1.0000312917444127e+00,
1.0000000185257023e+00,
1.0021748076788475e+00,
1.0000000678051377e+00,
1.0000000120925585e+00,
1.0000000000001110e+00,
1.0000000123325870e+00,
1.0663748279238296e+00,
1.0002362486279637e+00,
1.0000000511701119e+00,
1.0235440501355828e+00,

