1
1
1
0
(16 0
((0,0) (15,15) (0,0))
((16,0) (31,15) (0,0))
((32,0) (47,15) (0,0))
((48,0) (63,15) (0,0))
((0,16) (15,31) (0,0))
((16,16) (31,31) (0,0))
((32,16) (47,31) (0,0))
((48,16) (63,31) (0,0))
((0,32) (15,47) (0,0))
((16,32) (31,47) (0,0))
((32,32) (47,47) (0,0))
((48,32) (63,47) (0,0))
((0,48) (15,63) (0,0))
((16,48) (31,63) (0,0))
((32,48) (47,63) (0,0))
((48,48) (63,63) (0,0))
)
16
FabOnDisk: Cell_D_00000 0
FabOnDisk: Cell_D_00000 2130
FabOnDisk: Cell_D_00000 4261
FabOnDisk: Cell_D_00000 6392
FabOnDisk: Cell_D_00000 8523
FabOnDisk: Cell_D_00000 10654
FabOnDisk: Cell_D_00000 12786
FabOnDisk: Cell_D_00000 14918
FabOnDisk: Cell_D_00000 17050
FabOnDisk: Cell_D_00000 19181
FabOnDisk: Cell_D_00000 21313
FabOnDisk: Cell_D_00000 23445
FabOnDisk: Cell_D_00000 25577
FabOnDisk: Cell_D_00000 27708
FabOnDisk: Cell_D_00000 29840
FabOnDisk: Cell_D_00000 31972

16,1
1.0000000015308956e+00,
1.0000011720951991e+00,
1.0000013348659060e+00,
1.0000000014565109e+00,
1.0000001607477020e+00,
1.0001351670359826e+00,
1.0001936172072063e+00,
1.0000001645946390e+00,
1.0000041208632462e+00,
1.0036125043193640e+00,
1.0042640338323556e+00,
1.0000037498820566e+00,
1.0000000179333908e+00,
1.0000159482300228e+00,
1.0000140035327287e+00,
1.0000000138767320e+00,

16,1
1.0000551891653313e+00,
1.0010634129010114e+00,
1.0011012839255866e+00,
1.0001184555998923e+00,
1.0039390767499374e+00,
1.0660817866601486e+00,
1.0672568078195563e+00,
1.0061870385258449e+00,
1.0067142977183094e+00,
1.0961059804033793e+00,
1.0967583799227194e+00,
1.0073387550379178e+00,
1.0026331477934498e+00,
1.0326596280259357e+00,
1.0325587470660098e+00,
1.0020696330310892e+00,

