HyperCLaw-V1.1
1
phi
2
0.397747564417433
1
-1 -1 
1 1 
2 
((0,0) (63,63) (0,0)) ((0,0) (127,127) (0,0)) 
20 40 
0.03125 0.03125 
0.015625 0.015625 
0
0
0 16 0.397747564417433
20
-1 -0.5
-1 -0.5
-0.5 0
-1 -0.5
0 0.5
-1 -0.5
0.5 1
-1 -0.5
-1 -0.5
-0.5 0
-0.5 0
-0.5 0
0 0.5
-0.5 0
0.5 1
-0.5 0
-1 -0.5
0 0.5
-0.5 0
0 0.5
0 0.5
0 0.5
0.5 1
0 0.5
-1 -0.5
0.5 1
-0.5 0
0.5 1
0 0.5
0.5 1
0.5 1
0.5 1
Level_0/Cell
1 4 0.397747564417433
40
-0.25 0
-0.25 0
0 0.25
-0.25 0
-0.25 0
0 0.25
0 0.25
0 0.25
Level_1/Cell
