1
1
1
0
(16 0
((0,0) (15,15) (0,0))
((16,0) (31,15) (0,0))
((32,0) (47,15) (0,0))
((48,0) (63,15) (0,0))
((0,16) (15,31) (0,0))
((16,16) (31,31) (0,0))
((32,16) (47,31) (0,0))
((48,16) (63,31) (0,0))
((0,32) (15,47) (0,0))
((16,32) (31,47) (0,0))
((32,32) (47,47) (0,0))
((48,32) (63,47) (0,0))
((0,48) (15,63) (0,0))
((16,48) (31,63) (0,0))
((32,48) (47,63) (0,0))
((48,48) (63,63) (0,0))
)
16
FabOnDisk: Cell_D_00000 0
FabOnDisk: Cell_D_00000 2130
FabOnDisk: Cell_D_00000 4261
FabOnDisk: Cell_D_00000 6392
FabOnDisk: Cell_D_00000 8523
FabOnDisk: Cell_D_00000 10654
FabOnDisk: Cell_D_00000 12786
FabOnDisk: Cell_D_00000 14918
FabOnDisk: Cell_D_00000 17050
FabOnDisk: Cell_D_00000 19181
FabOnDisk: Cell_D_00000 21313
FabOnDisk: Cell_D_00000 23445
FabOnDisk: Cell_D_00000 25577
FabOnDisk: Cell_D_00000 27708
FabOnDisk: Cell_D_00000 29840
FabOnDisk: Cell_D_00000 31972

16,1
1.0000180578358124e+00,
1.0000000122307022e+00,
1.0000000000000231e+00,
1.0000000000968954e+00,
1.0000006267290362e+00,
1.0000000001019704e+00,
1.0000000000000022e+00,
1.0000000000006029e+00,
1.0000000000000937e+00,
1.0000000000000031e+00,
1.0000000000000009e+00,
1.0000000000000000e+00,
1.0000000000219078e+00,
1.0000000000001044e+00,
1.0000000000000000e+00,
1.0000000000000000e+00,

16,1
1.3794099593737446e+00,
1.1299842557535140e+00,
1.0000004774831905e+00,
1.0035373723120884e+00,
1.2154419976647408e+00,
1.0605292976137384e+00,
1.0000001842509814e+00,
1.0013293106387162e+00,
1.0000030863689267e+00,
1.0000009687444515e+00,
1.0000000000050204e+00,
1.0000001919745414e+00,
1.0005284947646456e+00,
1.0004752994788162e+00,
1.0000000050385320e+00,
1.0000030691743913e+00,

