1
1
1
0
(16 0
((64,72) (79,87) (0,0))
((80,72) (95,87) (0,0))
((96,72) (111,87) (0,0))
((112,72) (119,87) (0,0))
((64,88) (79,103) (0,0))
((80,88) (95,103) (0,0))
((96,88) (111,103) (0,0))
((112,88) (119,103) (0,0))
((64,104) (79,119) (0,0))
((80,104) (95,119) (0,0))
((96,104) (111,119) (0,0))
((112,104) (119,119) (0,0))
((64,120) (79,127) (0,0))
((80,120) (95,127) (0,0))
((96,120) (111,127) (0,0))
((112,120) (119,127) (0,0))
)
16
FabOnDisk: Cell_D_00000 0
FabOnDisk: Cell_D_00000 2132
FabOnDisk: Cell_D_00000 4264
FabOnDisk: Cell_D_00000 6397
FabOnDisk: Cell_D_00000 7507
FabOnDisk: Cell_D_00000 9640
FabOnDisk: Cell_D_00000 11773
FabOnDisk: Cell_D_00000 13907
FabOnDisk: Cell_D_00000 15018
FabOnDisk: Cell_D_00000 17152
FabOnDisk: Cell_D_00000 19286
FabOnDisk: Cell_D_00000 21421
FabOnDisk: Cell_D_00000 22533
FabOnDisk: Cell_D_00000 23643
FabOnDisk: Cell_D_00000 24753
FabOnDisk: Cell_D_00000 25864

16,1
1.0000099014583472e+00,
1.0001430174159573e+00,
1.0006934634052636e+00,
1.0001454702608412e+00,
1.0005203613969436e+00,
1.0364769207378681e+00,
1.0098331727590317e+00,
1.0007941961542328e+00,
1.0001124015304546e+00,
1.0099430634505842e+00,
1.0056734279771742e+00,
1.0010301099302685e+00,
1.0000300138494616e+00,
1.0014061499630535e+00,
1.0005138965756946e+00,
1.0001162104798536e+00,

16,1
1.0243204020676104e+00,
1.0743809142306018e+00,
1.0695585725142651e+00,
1.0074862501978081e+00,
1.0617702046046278e+00,
1.2496094193716623e+00,
1.2479660439909679e+00,
1.0495693869174230e+00,
1.0697183453958381e+00,
1.2395316008846180e+00,
1.2281825508002948e+00,
1.0258534247277011e+00,
1.0077780900444837e+00,
1.0263416046037994e+00,
1.0250060241227088e+00,
1.0029360273519916e+00,

