1
1
1
0
(16 0
((0,0) (15,15) (0,0))
((16,0) (31,15) (0,0))
((32,0) (47,15) (0,0))
((48,0) (63,15) (0,0))
((0,16) (15,31) (0,0))
((16,16) (31,31) (0,0))
((32,16) (47,31) (0,0))
((48,16) (63,31) (0,0))
((0,32) (15,47) (0,0))
((16,32) (31,47) (0,0))
((32,32) (47,47) (0,0))
((48,32) (63,47) (0,0))
((0,48) (15,63) (0,0))
((16,48) (31,63) (0,0))
((32,48) (47,63) (0,0))
((48,48) (63,63) (0,0))
)
16
FabOnDisk: Cell_D_00000 0
FabOnDisk: Cell_D_00000 2130
FabOnDisk: Cell_D_00000 4261
FabOnDisk: Cell_D_00000 6392
FabOnDisk: Cell_D_00000 8523
FabOnDisk: Cell_D_00000 10654
FabOnDisk: Cell_D_00000 12786
FabOnDisk: Cell_D_00000 14918
FabOnDisk: Cell_D_00000 17050
FabOnDisk: Cell_D_00000 19181
FabOnDisk: Cell_D_00000 21313
FabOnDisk: Cell_D_00000 23445
FabOnDisk: Cell_D_00000 25577
FabOnDisk: Cell_D_00000 27708
FabOnDisk: Cell_D_00000 29840
FabOnDisk: Cell_D_00000 31972

16,1
1.0000000031677894e+00,
1.0000002185014376e+00,
1.0000091486330309e+00,
1.0000000496245791e+00,
1.0000000189295872e+00,
1.0000013384568389e+00,
1.0000671363712241e+00,
1.0000004264616507e+00,
1.0000041624214893e+00,
1.0003563090485283e+00,
1.0135544253737401e+00,
1.0000717702881861e+00,
1.0000004098968691e+00,
1.0000415181683235e+00,
1.0013304260200986e+00,
1.0000062407850090e+00,

16,1
1.0000243165847178e+00,
1.0014374411268947e+00,
1.0020350978375576e+00,
1.0006703705062578e+00,
1.0001517989352893e+00,
1.0133496359830394e+00,
1.0229359781923404e+00,
1.0103134473493811e+00,
1.0007459205331783e+00,
1.0576209923542026e+00,
1.0926231331835194e+00,
1.0379367423487773e+00,
1.0007867162264878e+00,
1.0524127286087901e+00,
1.0782677517616368e+00,
1.0285457051426437e+00,

