1
1
1
0
(25 0
((0,0) (15,15) (0,0))
((16,0) (31,15) (0,0))
((0,16) (15,31) (0,0))
((16,16) (31,31) (0,0))
((88,0) (103,15) (0,0))
((104,0) (119,15) (0,0))
((120,0) (127,15) (0,0))
((88,16) (103,31) (0,0))
((104,16) (119,31) (0,0))
((120,16) (127,31) (0,0))
((0,88) (15,103) (0,0))
((16,88) (31,103) (0,0))
((0,104) (15,119) (0,0))
((16,104) (31,119) (0,0))
((0,120) (15,127) (0,0))
((16,120) (31,127) (0,0))
((88,88) (103,103) (0,0))
((104,88) (119,103) (0,0))
((120,88) (127,103) (0,0))
((88,104) (103,119) (0,0))
((104,104) (119,119) (0,0))
((120,104) (127,119) (0,0))
((88,120) (103,127) (0,0))
((104,120) (119,127) (0,0))
((120,120) (127,127) (0,0))
)
25
FabOnDisk: Cell_D_00000 0
FabOnDisk: Cell_D_00000 2130
FabOnDisk: Cell_D_00000 4261
FabOnDisk: Cell_D_00000 6392
FabOnDisk: Cell_D_00000 8524
FabOnDisk: Cell_D_00000 10656
FabOnDisk: Cell_D_00000 12789
FabOnDisk: Cell_D_00000 13898
FabOnDisk: Cell_D_00000 16031
FabOnDisk: Cell_D_00000 18165
FabOnDisk: Cell_D_00000 19275
FabOnDisk: Cell_D_00000 21407
FabOnDisk: Cell_D_00000 23540
FabOnDisk: Cell_D_00000 25673
FabOnDisk: Cell_D_00000 27807
FabOnDisk: Cell_D_00000 28916
FabOnDisk: Cell_D_00000 30026
FabOnDisk: Cell_D_00000 32160
FabOnDisk: Cell_D_00000 34295
FabOnDisk: Cell_D_00000 35406
FabOnDisk: Cell_D_00000 37541
FabOnDisk: Cell_D_00000 39677
FabOnDisk: Cell_D_00000 40789
FabOnDisk: Cell_D_00000 41900
FabOnDisk: Cell_D_00000 43012

25,1
1.0190616451989825e+00,
1.0028793187304053e+00,
1.0016673061026662e+00,
1.0004969279388072e+00,
1.0009623984844092e+00,
1.0139414001781821e+00,
1.0429643238885682e+00,
1.0003046179093928e+00,
1.0021413885219810e+00,
1.0039664081156263e+00,
1.0016781409595559e+00,
1.0002506700032914e+00,
1.0134194357005859e+00,
1.0008861154649626e+00,
1.0424676547300371e+00,
1.0032778283317088e+00,
1.0001305253532582e+00,
1.0004043076027866e+00,
1.0017724953277234e+00,
1.0010821974192488e+00,
1.0100214237220109e+00,
1.0310993835801543e+00,
1.0022398438018458e+00,
1.0311833137089497e+00,
1.0972937270144651e+00,

25,1
1.1070159592106086e+00,
1.0404974751196163e+00,
1.0403814525520194e+00,
1.0155432370623003e+00,
1.0290376327226349e+00,
1.0990051748594245e+00,
1.1095411215392679e+00,
1.0112381657881306e+00,
1.0376287199990419e+00,
1.0414158263962610e+00,
1.0289736772609610e+00,
1.0107032678015757e+00,
1.0989140915127442e+00,
1.0370126386595346e+00,
1.1095117086326947e+00,
1.0412798777011503e+00,
1.0079381186698104e+00,
1.0268131002185934e+00,
1.0296653829730109e+00,
1.0269096498657329e+00,
1.0915318724730698e+00,
1.1012646329943931e+00,
1.0297322290776327e+00,
1.1013168980910595e+00,
1.1121002313523638e+00,

