1
1
1
0
(16 0
((0,0) (15,15) (0,0))
((16,0) (31,15) (0,0))
((32,0) (47,15) (0,0))
((48,0) (63,15) (0,0))
((0,16) (15,31) (0,0))
((16,16) (31,31) (0,0))
((32,16) (47,31) (0,0))
((48,16) (63,31) (0,0))
((0,32) (15,47) (0,0))
((16,32) (31,47) (0,0))
((32,32) (47,47) (0,0))
((48,32) (63,47) (0,0))
((0,48) (15,63) (0,0))
((16,48) (31,63) (0,0))
((32,48) (47,63) (0,0))
((48,48) (63,63) (0,0))
)
16
FabOnDisk: Cell_D_00000 0
FabOnDisk: Cell_D_00000 2130
FabOnDisk: Cell_D_00000 4261
FabOnDisk: Cell_D_00000 6392
FabOnDisk: Cell_D_00000 8523
FabOnDisk: Cell_D_00000 10654
FabOnDisk: Cell_D_00000 12786
FabOnDisk: Cell_D_00000 14918
FabOnDisk: Cell_D_00000 17050
FabOnDisk: Cell_D_00000 19181
FabOnDisk: Cell_D_00000 21313
FabOnDisk: Cell_D_00000 23445
FabOnDisk: Cell_D_00000 25577
FabOnDisk: Cell_D_00000 27708
FabOnDisk: Cell_D_00000 29840
FabOnDisk: Cell_D_00000 31972

16,1
1.0000471823949053e+00,
1.0000068594681057e+00,
1.0001017989728229e+00,
1.0016360327321054e+00,
1.0000009724600196e+00,
1.0000001557669862e+00,
1.0000017311090881e+00,
1.0000320633035686e+00,
1.0000013335289928e+00,
1.0000001685266289e+00,
1.0000018067158976e+00,
1.0000337442412706e+00,
1.0000427939356886e+00,
1.0000099500268382e+00,
1.0002402928572689e+00,
1.0055606236499179e+00,

16,1
1.0326375230280607e+00,
1.0006785453727296e+00,
1.0690456569917361e+00,
1.1054672788396307e+00,
1.0009660807647758e+00,
1.0000736817267193e+00,
1.0026668625852655e+00,
1.0034337188035969e+00,
1.0031512974257868e+00,
1.0001193814544571e+00,
1.0042858250915814e+00,
1.0080563435207412e+00,
1.0321590441105775e+00,
1.0006502401294448e+00,
1.0790891683421264e+00,
1.1084591856891186e+00,

