1
1
1
0
(16 0
((0,0) (15,15) (0,0))
((16,0) (31,15) (0,0))
((32,0) (47,15) (0,0))
((48,0) (63,15) (0,0))
((0,16) (15,31) (0,0))
((16,16) (31,31) (0,0))
((32,16) (47,31) (0,0))
((48,16) (63,31) (0,0))
((0,32) (15,47) (0,0))
((16,32) (31,47) (0,0))
((32,32) (47,47) (0,0))
((48,32) (63,47) (0,0))
((0,48) (15,63) (0,0))
((16,48) (31,63) (0,0))
((32,48) (47,63) (0,0))
((48,48) (63,63) (0,0))
)
16
FabOnDisk: Cell_D_00000 0
FabOnDisk: Cell_D_00000 2130
FabOnDisk: Cell_D_00000 4261
FabOnDisk: Cell_D_00000 6392
FabOnDisk: Cell_D_00000 8523
FabOnDisk: Cell_D_00000 10654
FabOnDisk: Cell_D_00000 12786
FabOnDisk: Cell_D_00000 14918
FabOnDisk: Cell_D_00000 17050
FabOnDisk: Cell_D_00000 19181
FabOnDisk: Cell_D_00000 21313
FabOnDisk: Cell_D_00000 23445
FabOnDisk: Cell_D_00000 25577
FabOnDisk: Cell_D_00000 27708
FabOnDisk: Cell_D_00000 29840
FabOnDisk: Cell_D_00000 31972

16,1
1.0000001143240851e+00,
1.0000008334334591e+00,
1.0000375851353944e+00,
1.0000020542648003e+00,
1.0000000791574069e+00,
1.0000003664341248e+00,
1.0000140106979265e+00,
1.0000015912328828e+00,
1.0000031823549054e+00,
1.0000238741829828e+00,
1.0007226104646705e+00,
1.0000599310998621e+00,
1.0000087273919882e+00,
1.0000448273112243e+00,
1.0056520146056778e+00,
1.0002607806448418e+00,

16,1
1.0001231326329227e+00,
1.0038774925488041e+00,
1.0093022134040772e+00,
1.0045013998173613e+00,
1.0000450188430443e+00,
1.0002832243222934e+00,
1.0019734789077277e+00,
1.0018673348138696e+00,
1.0005747847826401e+00,
1.0376689916382142e+00,
1.1056414810041255e+00,
1.0605324655380270e+00,
1.0005769410661247e+00,
1.0445741872030030e+00,
1.1144552045740526e+00,
1.0684174120849272e+00,

