1
1
1
0
(16 0
((0,0) (15,15) (0,0))
((16,0) (31,15) (0,0))
((32,0) (47,15) (0,0))
((48,0) (63,15) (0,0))
((0,16) (15,31) (0,0))
((16,16) (31,31) (0,0))
((32,16) (47,31) (0,0))
((48,16) (63,31) (0,0))
((0,32) (15,47) (0,0))
((16,32) (31,47) (0,0))
((32,32) (47,47) (0,0))
((48,32) (63,47) (0,0))
((0,48) (15,63) (0,0))
((16,48) (31,63) (0,0))
((32,48) (47,63) (0,0))
((48,48) (63,63) (0,0))
)
16
FabOnDisk: Cell_D_00000 0
FabOnDisk: Cell_D_00000 2130
FabOnDisk: Cell_D_00000 4261
FabOnDisk: Cell_D_00000 6392
FabOnDisk: Cell_D_00000 8523
FabOnDisk: Cell_D_00000 10654
FabOnDisk: Cell_D_00000 12786
FabOnDisk: Cell_D_00000 14918
FabOnDisk: Cell_D_00000 17050
FabOnDisk: Cell_D_00000 19181
FabOnDisk: Cell_D_00000 21313
FabOnDisk: Cell_D_00000 23445
FabOnDisk: Cell_D_00000 25577
FabOnDisk: Cell_D_00000 27708
FabOnDisk: Cell_D_00000 29840
FabOnDisk: Cell_D_00000 31972

16,1
1.0001144632447048e+00,
1.0000040316626595e+00,
1.0000895447774298e+00,
1.0055919605681090e+00,
1.0000006756153317e+00,
1.0000000220594552e+00,
1.0000003482512589e+00,
1.0000252307357249e+00,
1.0000010677886151e+00,
1.0000000299265823e+00,
1.0000005055337631e+00,
1.0000355766265026e+00,
1.0002107370306519e+00,
1.0000063653987930e+00,
1.0001251250480088e+00,
1.0084618486878190e+00,

16,1
1.0483108571658799e+00,
1.0006073070831534e+00,
1.0419631652678381e+00,
1.0816581976309758e+00,
1.0040503324355667e+00,
1.0000579132912368e+00,
1.0040322805804163e+00,
1.0073230855570041e+00,
1.0082232909173545e+00,
1.0001461873170445e+00,
1.0052398496132864e+00,
1.0120699894083423e+00,
1.0529700037492347e+00,
1.0008094134436449e+00,
1.0386748235180487e+00,
1.0824463570307434e+00,

