1
1
1
0
(16 0
((0,0) (15,15) (0,0))
((16,0) (31,15) (0,0))
((32,0) (47,15) (0,0))
((48,0) (63,15) (0,0))
((0,16) (15,31) (0,0))
((16,16) (31,31) (0,0))
((32,16) (47,31) (0,0))
((48,16) (63,31) (0,0))
((0,32) (15,47) (0,0))
((16,32) (31,47) (0,0))
((32,32) (47,47) (0,0))
((48,32) (63,47) (0,0))
((0,48) (15,63) (0,0))
((16,48) (31,63) (0,0))
((32,48) (47,63) (0,0))
((48,48) (63,63) (0,0))
)
16
FabOnDisk: Cell_D_00000 0
FabOnDisk: Cell_D_00000 2130
FabOnDisk: Cell_D_00000 4261
FabOnDisk: Cell_D_00000 6392
FabOnDisk: Cell_D_00000 8523
FabOnDisk: Cell_D_00000 10654
FabOnDisk: Cell_D_00000 12786
FabOnDisk: Cell_D_00000 14918
FabOnDisk: Cell_D_00000 17050
FabOnDisk: Cell_D_00000 19181
FabOnDisk: Cell_D_00000 21313
FabOnDisk: Cell_D_00000 23445
FabOnDisk: Cell_D_00000 25577
FabOnDisk: Cell_D_00000 27708
FabOnDisk: Cell_D_00000 29840
FabOnDisk: Cell_D_00000 31972

16,1
1.0000000009691352e+00,
1.0000000000237226e+00,
1.0000000431224143e+00,
1.0000036303264712e+00,
1.0000000000036227e+00,
1.0000000000000662e+00,
1.0000000000309652e+00,
1.0000000128699871e+00,
1.0000000005320528e+00,
1.0000000000040234e+00,
1.0000000020265116e+00,
1.0000012969990617e+00,
1.0000002615533830e+00,
1.0000000067492354e+00,
1.0000144033767719e+00,
1.0032766763849246e+00,

16,1
1.0045645331106856e+00,
1.0000089208075593e+00,
1.0262832562119806e+00,
1.0661495800304774e+00,
1.0000013711280731e+00,
1.0000000187309586e+00,
1.0000082029328912e+00,
1.0000117557509631e+00,
1.0017214027710548e+00,
1.0000042944996199e+00,
1.0116432146402856e+00,
1.0271165411779877e+00,
1.0207171299346691e+00,
1.0000182106550901e+00,
1.1109816493496059e+00,
1.2348214923121377e+00,

