1
1
1
0
(16 0
((0,0) (15,15) (0,0))
((16,0) (31,15) (0,0))
((32,0) (47,15) (0,0))
((48,0) (63,15) (0,0))
((0,16) (15,31) (0,0))
((16,16) (31,31) (0,0))
((32,16) (47,31) (0,0))
((48,16) (63,31) (0,0))
((0,32) (15,47) (0,0))
((16,32) (31,47) (0,0))
((32,32) (47,47) (0,0))
((48,32) (63,47) (0,0))
((0,48) (15,63) (0,0))
((16,48) (31,63) (0,0))
((32,48) (47,63) (0,0))
((48,48) (63,63) (0,0))
)
16
FabOnDisk: Cell_D_00000 0
FabOnDisk: Cell_D_00000 2130
FabOnDisk: Cell_D_00000 4261
FabOnDisk: Cell_D_00000 6392
FabOnDisk: Cell_D_00000 8523
FabOnDisk: Cell_D_00000 10654
FabOnDisk: Cell_D_00000 12786
FabOnDisk: Cell_D_00000 14918
FabOnDisk: Cell_D_00000 17050
FabOnDisk: Cell_D_00000 19181
FabOnDisk: Cell_D_00000 21313
FabOnDisk: Cell_D_00000 23445
FabOnDisk: Cell_D_00000 25577
FabOnDisk: Cell_D_00000 27708
FabOnDisk: Cell_D_00000 29840
FabOnDisk: Cell_D_00000 31972

16,1
1.0000000080145259e+00,
1.0000000000000004e+00,
1.0000000000000004e+00,
1.0000003224909733e+00,
1.0000000000000013e+00,
1.0000000000000000e+00,
1.0000000000000000e+00,
1.0000000000000000e+00,
1.0000000000000009e+00,
1.0000000000000000e+00,
1.0000000000000000e+00,
1.0000000000000002e+00,
1.0000000234860742e+00,
1.0000000000000000e+00,
1.0000000000000004e+00,
1.0000009309199935e+00,

16,1
1.2657201477389950e+00,
1.0000041330929397e+00,
1.0004547428621338e+00,
1.3064399034327452e+00,
1.0000320660771558e+00,
1.0000000002644602e+00,
1.0000000718868804e+00,
1.0000386691966709e+00,
1.0001308029610405e+00,
1.0000000069798229e+00,
1.0000000985755229e+00,
1.0001366108108347e+00,
1.2843652763911457e+00,
1.0000104396909488e+00,
1.0002929774342237e+00,
1.3044275041821416e+00,

