1
1
1
0
(16 0
((0,0) (15,15) (0,0))
((16,0) (31,15) (0,0))
((32,0) (47,15) (0,0))
((48,0) (63,15) (0,0))
((0,16) (15,31) (0,0))
((16,16) (31,31) (0,0))
((32,16) (47,31) (0,0))
((48,16) (63,31) (0,0))
((0,32) (15,47) (0,0))
((16,32) (31,47) (0,0))
((32,32) (47,47) (0,0))
((48,32) (63,47) (0,0))
((0,48) (15,63) (0,0))
((16,48) (31,63) (0,0))
((32,48) (47,63) (0,0))
((48,48) (63,63) (0,0))
)
16
FabOnDisk: Cell_D_00000 0
FabOnDisk: Cell_D_00000 2130
FabOnDisk: Cell_D_00000 4261
FabOnDisk: Cell_D_00000 6392
FabOnDisk: Cell_D_00000 8523
FabOnDisk: Cell_D_00000 10654
FabOnDisk: Cell_D_00000 12786
FabOnDisk: Cell_D_00000 14918
FabOnDisk: Cell_D_00000 17050
FabOnDisk: Cell_D_00000 19181
FabOnDisk: Cell_D_00000 21313
FabOnDisk: Cell_D_00000 23445
FabOnDisk: Cell_D_00000 25577
FabOnDisk: Cell_D_00000 27708
FabOnDisk: Cell_D_00000 29840
FabOnDisk: Cell_D_00000 31972

16,1
1.0000239230107213e+00,
1.0000000028838478e+00,
1.0000000035702092e+00,
1.0000393991718874e+00,
1.0000000039277863e+00,
1.0000000000002973e+00,
1.0000000000004188e+00,
1.0000000026793257e+00,
1.0000000105137223e+00,
1.0000000000003921e+00,
1.0000000000004938e+00,
1.0000000023871467e+00,
1.0000203140379467e+00,
1.0000000028034850e+00,
1.0000000048319035e+00,
1.0000217421677347e+00,

16,1
1.2173160101002214e+00,
1.0006514940472206e+00,
1.0006832829963193e+00,
1.2220818608885584e+00,
1.0005965077454437e+00,
1.0000099940158018e+00,
1.0000166731399434e+00,
1.0006490991375128e+00,
1.0008340143116845e+00,
1.0000098095010728e+00,
1.0000088573805135e+00,
1.0005661827714909e+00,
1.2220690342589084e+00,
1.0006027015239967e+00,
1.0007233093223096e+00,
1.2269420223448102e+00,

