1
1
1
0
(16 0
((0,0) (15,15) (0,0))
((16,0) (31,15) (0,0))
((32,0) (47,15) (0,0))
((48,0) (63,15) (0,0))
((0,16) (15,31) (0,0))
((16,16) (31,31) (0,0))
((32,16) (47,31) (0,0))
((48,16) (63,31) (0,0))
((0,32) (15,47) (0,0))
((16,32) (31,47) (0,0))
((32,32) (47,47) (0,0))
((48,32) (63,47) (0,0))
((0,48) (15,63) (0,0))
((16,48) (31,63) (0,0))
((32,48) (47,63) (0,0))
((48,48) (63,63) (0,0))
)
16
FabOnDisk: Cell_D_00000 0
FabOnDisk: Cell_D_00000 2130
FabOnDisk: Cell_D_00000 4261
FabOnDisk: Cell_D_00000 6392
FabOnDisk: Cell_D_00000 8523
FabOnDisk: Cell_D_00000 10654
FabOnDisk: Cell_D_00000 12786
FabOnDisk: Cell_D_00000 14918
FabOnDisk: Cell_D_00000 17050
FabOnDisk: Cell_D_00000 19181
FabOnDisk: Cell_D_00000 21313
FabOnDisk: Cell_D_00000 23445
FabOnDisk: Cell_D_00000 25577
FabOnDisk: Cell_D_00000 27708
FabOnDisk: Cell_D_00000 29840
FabOnDisk: Cell_D_00000 31972

16,1
1.0012013296581264e+00,
1.0000000000051508e+00,
1.0000000000000078e+00,
1.0000005676258605e+00,
1.0000000000299913e+00,
1.0000000000000029e+00,
1.0000000000000002e+00,
1.0000000000000344e+00,
1.0000000000000071e+00,
1.0000000000000000e+00,
1.0000000000000000e+00,
1.0000000000000000e+00,
1.0000000833051088e+00,
1.0000000000000002e+00,
1.0000000000000000e+00,
1.0000000000361833e+00,

16,1
1.2711214324697724e+00,
1.0053080690681055e+00,
1.0000025358254319e+00,
1.1332770298497870e+00,
1.0158065282535016e+00,
1.0002272864140114e+00,
1.0000001928111848e+00,
1.0084770915740064e+00,
1.0000005914770294e+00,
1.0000000225416132e+00,
1.0000000000022826e+00,
1.0000002221598929e+00,
1.0831828081971315e+00,
1.0022274655478620e+00,
1.0000005207184732e+00,
1.0365214716951241e+00,

