1
1
1
0
(16 0
((0,0) (15,15) (0,0))
((16,0) (31,15) (0,0))
((32,0) (47,15) (0,0))
((48,0) (63,15) (0,0))
((0,16) (15,31) (0,0))
((16,16) (31,31) (0,0))
((32,16) (47,31) (0,0))
((48,16) (63,31) (0,0))
((0,32) (15,47) (0,0))
((16,32) (31,47) (0,0))
((32,32) (47,47) (0,0))
((48,32) (63,47) (0,0))
((0,48) (15,63) (0,0))
((16,48) (31,63) (0,0))
((32,48) (47,63) (0,0))
((48,48) (63,63) (0,0))
)
16
FabOnDisk: Cell_D_00000 0
FabOnDisk: Cell_D_00000 2130
FabOnDisk: Cell_D_00000 4261
FabOnDisk: Cell_D_00000 6392
FabOnDisk: Cell_D_00000 8523
FabOnDisk: Cell_D_00000 10654
FabOnDisk: Cell_D_00000 12786
FabOnDisk: Cell_D_00000 14918
FabOnDisk: Cell_D_00000 17050
FabOnDisk: Cell_D_00000 19181
FabOnDisk: Cell_D_00000 21313
FabOnDisk: Cell_D_00000 23445
FabOnDisk: Cell_D_00000 25577
FabOnDisk: Cell_D_00000 27708
FabOnDisk: Cell_D_00000 29840
FabOnDisk: Cell_D_00000 31972

16,1
1.0000000000000058e+00,
1.0000000000006102e+00,
1.0000000007508336e+00,
1.0000000000000486e+00,
1.0000000000007452e+00,
1.0000000020028714e+00,
1.0000021030837491e+00,
1.0000000001306322e+00,
1.0000000004683676e+00,
1.0000014651938534e+00,
1.0019252656738051e+00,
1.0000001419098372e+00,
1.0000000000000373e+00,
1.0000000002728227e+00,
1.0000000750037255e+00,
1.0000000000053813e+00,

16,1
1.0000000005059992e+00,
1.0000008151077824e+00,
1.0000045807844575e+00,
1.0000019756129552e+00,
1.0000019441392107e+00,
1.0268201957006902e+00,
1.0869806629087766e+00,
1.0034318285755643e+00,
1.0000041506206545e+00,
1.0870049057782871e+00,
1.2823865358896316e+00,
1.0124412812607209e+00,
1.0000005404754311e+00,
1.0041893174482988e+00,
1.0124566297840190e+00,
1.0006929666153690e+00,

