1
1
1
0
(23 0
((0,0) (15,15) (0,0))
((16,0) (23,15) (0,0))
((0,16) (15,31) (0,0))
((16,16) (23,31) (0,0))
((0,32) (15,39) (0,0))
((16,32) (23,39) (0,0))
((88,0) (103,15) (0,0))
((104,0) (119,15) (0,0))
((120,0) (127,15) (0,0))
((88,16) (103,31) (0,0))
((104,16) (119,31) (0,0))
((120,16) (127,31) (0,0))
((88,32) (103,39) (0,0))
((104,32) (119,39) (0,0))
((120,32) (127,39) (0,0))
((0,104) (15,119) (0,0))
((16,104) (23,119) (0,0))
((0,120) (15,127) (0,0))
((16,120) (23,127) (0,0))
((96,104) (111,119) (0,0))
((112,104) (127,119) (0,0))
((96,120) (111,127) (0,0))
((112,120) (127,127) (0,0))
)
23
FabOnDisk: Cell_D_00000 0
FabOnDisk: Cell_D_00000 2130
FabOnDisk: Cell_D_00000 3237
FabOnDisk: Cell_D_00000 5368
FabOnDisk: Cell_D_00000 6476
FabOnDisk: Cell_D_00000 7583
FabOnDisk: Cell_D_00000 8179
FabOnDisk: Cell_D_00000 10311
FabOnDisk: Cell_D_00000 12444
FabOnDisk: Cell_D_00000 13553
FabOnDisk: Cell_D_00000 15686
FabOnDisk: Cell_D_00000 17820
FabOnDisk: Cell_D_00000 18930
FabOnDisk: Cell_D_00000 20039
FabOnDisk: Cell_D_00000 21149
FabOnDisk: Cell_D_00000 21747
FabOnDisk: Cell_D_00000 23880
FabOnDisk: Cell_D_00000 24990
FabOnDisk: Cell_D_00000 26099
FabOnDisk: Cell_D_00000 26697
FabOnDisk: Cell_D_00000 28832
FabOnDisk: Cell_D_00000 30968
FabOnDisk: Cell_D_00000 32079

23,1
1.0370316586021968e+00,
1.0099997454976242e+00,
1.0090974813539966e+00,
1.0027814713747247e+00,
1.0023483890486617e+00,
1.0009052344632230e+00,
1.0008680152152385e+00,
1.0180016668030036e+00,
1.0816816774480693e+00,
1.0002924149713166e+00,
1.0076367642248008e+00,
1.0299176808882022e+00,
1.0001191878500089e+00,
1.0017880785775815e+00,
1.0067000387017104e+00,
1.0013520235049340e+00,
1.0006067851821001e+00,
1.0112742943761515e+00,
1.0027251718297534e+00,
1.0000678637694560e+00,
1.0005047222293171e+00,
1.0036894801354765e+00,
1.0278200711196064e+00,

23,1
1.1344496466440019e+00,
1.0413369542664235e+00,
1.1237000256738292e+00,
1.0358245509558268e+00,
1.0255426144325615e+00,
1.0063472205496480e+00,
1.0318141144472908e+00,
1.1307172952955462e+00,
1.1421777934478592e+00,
1.0254061738193478e+00,
1.1143729545806216e+00,
1.1281744195107377e+00,
1.0061050597589416e+00,
1.0252375409325909e+00,
1.0272584872612656e+00,
1.0341652610647196e+00,
1.0095219593991243e+00,
1.0862343259520750e+00,
1.0314787474060469e+00,
1.0214128592866807e+00,
1.0362530498132649e+00,
1.0384147234814318e+00,
1.0865801222108209e+00,

