1
1
1
0
(16 0
((56,56) (71,71) (0,0))
((72,56) (87,71) (0,0))
((88,56) (103,71) (0,0))
((104,56) (111,71) (0,0))
((56,72) (71,87) (0,0))
((72,72) (87,87) (0,0))
((88,72) (103,87) (0,0))
((104,72) (111,87) (0,0))
((56,88) (71,103) (0,0))
((72,88) (87,103) (0,0))
((88,88) (103,103) (0,0))
((104,88) (111,103) (0,0))
((56,104) (71,111) (0,0))
((72,104) (87,111) (0,0))
((88,104) (103,111) (0,0))
((104,104) (111,111) (0,0))
)
16
FabOnDisk: Cell_D_00000 0
FabOnDisk: Cell_D_00000 2132
FabOnDisk: Cell_D_00000 4264
FabOnDisk: Cell_D_00000 6397
FabOnDisk: Cell_D_00000 7507
FabOnDisk: Cell_D_00000 9639
FabOnDisk: Cell_D_00000 11771
FabOnDisk: Cell_D_00000 13904
FabOnDisk: Cell_D_00000 15014
FabOnDisk: Cell_D_00000 17147
FabOnDisk: Cell_D_00000 19280
FabOnDisk: Cell_D_00000 21414
FabOnDisk: Cell_D_00000 22525
FabOnDisk: Cell_D_00000 23635
FabOnDisk: Cell_D_00000 24745
FabOnDisk: Cell_D_00000 25856

16,1
1.0000019755200595e+00,
1.0000231487033284e+00,
1.0002409514114876e+00,
1.0000902954960784e+00,
1.0000962872350714e+00,
1.0084877117382998e+00,
1.0112037177635800e+00,
1.0011034033186990e+00,
1.0000822013149215e+00,
1.0115166856074338e+00,
1.0154602889198376e+00,
1.0026398016248008e+00,
1.0000218592554468e+00,
1.0018357706750334e+00,
1.0017614969256201e+00,
1.0003984811425157e+00,

16,1
1.0055029613373490e+00,
1.0379882998711301e+00,
1.0384047545132105e+00,
1.0073078484022349e+00,
1.0380071394191286e+00,
1.2629155480340744e+00,
1.2658048749981585e+00,
1.0515489504936886e+00,
1.0384218417271858e+00,
1.2658096932093521e+00,
1.2687312537056872e+00,
1.0521852392664259e+00,
1.0076024313304945e+00,
1.0517338787799597e+00,
1.0522661225725702e+00,
1.0103353855793262e+00,

