1
1
1
0
(9 0
((56,56) (71,71) (0,0))
((72,56) (87,71) (0,0))
((88,56) (95,71) (0,0))
((56,72) (71,87) (0,0))
((72,72) (87,87) (0,0))
((88,72) (95,87) (0,0))
((56,88) (71,95) (0,0))
((72,88) (87,95) (0,0))
((88,88) (95,95) (0,0))
)
9
FabOnDisk: Cell_D_00000 0
FabOnDisk: Cell_D_00000 2132
FabOnDisk: Cell_D_00000 4264
FabOnDisk: Cell_D_00000 5372
FabOnDisk: Cell_D_00000 7504
FabOnDisk: Cell_D_00000 9636
FabOnDisk: Cell_D_00000 10744
FabOnDisk: Cell_D_00000 11852
FabOnDisk: Cell_D_00000 12960

9,1
1.0000000378982181e+00,
1.0000665283871752e+00,
1.0000002518538731e+00,
1.0000242660032836e+00,
1.0079402593459119e+00,
1.0001199447920281e+00,
1.0000005090077717e+00,
1.0000718674533191e+00,
1.0000011443729993e+00,

9,1
1.2729658209929411e+00,
1.4710851691765678e+00,
1.0294580881177862e+00,
1.4710851691765681e+00,
1.8130000884757449e+00,
1.0509995404922250e+00,
1.0295985942967676e+00,
1.0510003999406938e+00,
1.0032125809941315e+00,

