1
1
1
0
(16 0
((0,0) (15,15) (0,0))
((16,0) (31,15) (0,0))
((32,0) (47,15) (0,0))
((48,0) (63,15) (0,0))
((0,16) (15,31) (0,0))
((16,16) (31,31) (0,0))
((32,16) (47,31) (0,0))
((48,16) (63,31) (0,0))
((0,32) (15,47) (0,0))
((16,32) (31,47) (0,0))
((32,32) (47,47) (0,0))
((48,32) (63,47) (0,0))
((0,48) (15,63) (0,0))
((16,48) (31,63) (0,0))
((32,48) (47,63) (0,0))
((48,48) (63,63) (0,0))
)
16
FabOnDisk: Cell_D_00000 0
FabOnDisk: Cell_D_00000 2130
FabOnDisk: Cell_D_00000 4261
FabOnDisk: Cell_D_00000 6392
FabOnDisk: Cell_D_00000 8523
FabOnDisk: Cell_D_00000 10654
FabOnDisk: Cell_D_00000 12786
FabOnDisk: Cell_D_00000 14918
FabOnDisk: Cell_D_00000 17050
FabOnDisk: Cell_D_00000 19181
FabOnDisk: Cell_D_00000 21313
FabOnDisk: Cell_D_00000 23445
FabOnDisk: Cell_D_00000 25577
FabOnDisk: Cell_D_00000 27708
FabOnDisk: Cell_D_00000 29840
FabOnDisk: Cell_D_00000 31972

16,1
1.0000000000000020e+00,
1.0000000000000000e+00,
1.0000000000000000e+00,
1.0000000001436347e+00,
1.0000000000000000e+00,
1.0000000000000000e+00,
1.0000000000000000e+00,
1.0000000000000000e+00,
1.0000000000000000e+00,
1.0000000000000000e+00,
1.0000000000000000e+00,
1.0000000000230398e+00,
1.0000000000028415e+00,
1.0000000000000000e+00,
1.0000000000708558e+00,
1.0028169144727805e+00,

16,1
1.0050438759060001e+00,
1.0000000000382430e+00,
1.0045831514263255e+00,
1.0639578648359622e+00,
1.0000000000077467e+00,
1.0000000000000013e+00,
1.0000000000145153e+00,
1.0000000001495943e+00,
1.0015168218966939e+00,
1.0000000000031419e+00,
1.0005944470174570e+00,
1.0121261087096307e+00,
1.0363440582228278e+00,
1.0000000001496729e+00,
1.0213528143190072e+00,
1.3574498576573444e+00,

