1
1
1
0
(24 0
((0,0) (15,15) (0,0))
((0,16) (15,23) (0,0))
((72,0) (87,15) (0,0))
((88,0) (103,15) (0,0))
((104,0) (119,15) (0,0))
((120,0) (127,15) (0,0))
((72,16) (87,31) (0,0))
((88,16) (103,31) (0,0))
((104,16) (119,31) (0,0))
((120,16) (127,31) (0,0))
((72,88) (87,103) (0,0))
((88,88) (103,103) (0,0))
((104,88) (119,103) (0,0))
((120,88) (127,103) (0,0))
((72,104) (87,119) (0,0))
((88,104) (103,119) (0,0))
((104,104) (119,119) (0,0))
((120,104) (127,119) (0,0))
((72,120) (87,127) (0,0))
((88,120) (103,127) (0,0))
((104,120) (119,127) (0,0))
((120,120) (127,127) (0,0))
((0,96) (15,111) (0,0))
((0,112) (15,127) (0,0))
)
24
FabOnDisk: Cell_D_00000 0
FabOnDisk: Cell_D_00000 2130
FabOnDisk: Cell_D_00000 3237
FabOnDisk: Cell_D_00000 5368
FabOnDisk: Cell_D_00000 7500
FabOnDisk: Cell_D_00000 9633
FabOnDisk: Cell_D_00000 10742
FabOnDisk: Cell_D_00000 12874
FabOnDisk: Cell_D_00000 15007
FabOnDisk: Cell_D_00000 17141
FabOnDisk: Cell_D_00000 18251
FabOnDisk: Cell_D_00000 20384
FabOnDisk: Cell_D_00000 22518
FabOnDisk: Cell_D_00000 24653
FabOnDisk: Cell_D_00000 25764
FabOnDisk: Cell_D_00000 27898
FabOnDisk: Cell_D_00000 30033
FabOnDisk: Cell_D_00000 32169
FabOnDisk: Cell_D_00000 33281
FabOnDisk: Cell_D_00000 34391
FabOnDisk: Cell_D_00000 35502
FabOnDisk: Cell_D_00000 36614
FabOnDisk: Cell_D_00000 37214
FabOnDisk: Cell_D_00000 39346

24,1
1.0029686890642449e+00,
1.0017392180307132e+00,
1.0014671110935538e+00,
1.0194346055913377e+00,
1.0419767111478537e+00,
1.0222845141554184e+00,
1.0002590682626058e+00,
1.0024296174366283e+00,
1.0048283816689785e+00,
1.0026587426933080e+00,
1.0000594713971225e+00,
1.0001848441527397e+00,
1.0008179589536084e+00,
1.0013914243763276e+00,
1.0009425771648146e+00,
1.0080630672070581e+00,
1.0179644231020606e+00,
1.0100344818422482e+00,
1.0023212484170749e+00,
1.0284040170673767e+00,
1.0727847236987313e+00,
1.0402950934840061e+00,
1.0004986777537423e+00,
1.0017947548095891e+00,

24,1
1.0446145574117880e+00,
1.0174459768046880e+00,
1.0337277534272462e+00,
1.1007040144963918e+00,
1.1082058148943306e+00,
1.0802278511845935e+00,
1.0168521210013464e+00,
1.0496853735385219e+00,
1.0526372488975897e+00,
1.0350106320696528e+00,
1.0056148109170420e+00,
1.0180301092808848e+00,
1.0203187652290007e+00,
1.0158929079603567e+00,
1.0212256137554490e+00,
1.0751062980881723e+00,
1.0872269615329111e+00,
1.0702321156145689e+00,
1.0345416691309886e+00,
1.1007257934809227e+00,
1.1080942593498795e+00,
1.0764387862963876e+00,
1.0209496590979932e+00,
1.0407165964996732e+00,

