1
1
1
0
(16 0
((48,48) (63,63) (0,0))
((64,48) (79,63) (0,0))
((80,48) (95,63) (0,0))
((96,48) (103,63) (0,0))
((48,64) (63,79) (0,0))
((64,64) (79,79) (0,0))
((80,64) (95,79) (0,0))
((96,64) (103,79) (0,0))
((48,80) (63,95) (0,0))
((64,80) (79,95) (0,0))
((80,80) (95,95) (0,0))
((96,80) (103,95) (0,0))
((48,96) (63,103) (0,0))
((64,96) (79,103) (0,0))
((80,96) (95,103) (0,0))
((96,96) (103,103) (0,0))
)
16
FabOnDisk: Cell_D_00000 0
FabOnDisk: Cell_D_00000 2132
FabOnDisk: Cell_D_00000 4264
FabOnDisk: Cell_D_00000 6396
FabOnDisk: Cell_D_00000 7505
FabOnDisk: Cell_D_00000 9637
FabOnDisk: Cell_D_00000 11769
FabOnDisk: Cell_D_00000 13901
FabOnDisk: Cell_D_00000 15010
FabOnDisk: Cell_D_00000 17142
FabOnDisk: Cell_D_00000 19274
FabOnDisk: Cell_D_00000 21406
FabOnDisk: Cell_D_00000 22515
FabOnDisk: Cell_D_00000 23624
FabOnDisk: Cell_D_00000 24733
FabOnDisk: Cell_D_00000 25842

16,1
1.0000133262247219e+00,
1.0003043197260444e+00,
1.0002345199546832e+00,
1.0000173182226724e+00,
1.0006652382376835e+00,
1.0444509524287804e+00,
1.0071977353658195e+00,
1.0003166916263033e+00,
1.0001169630706239e+00,
1.0079647112747361e+00,
1.0014713257034464e+00,
1.0003091558478896e+00,
1.0000333395961656e+00,
1.0008404019855648e+00,
1.0000963448170956e+00,
1.0000351416400959e+00,

16,1
1.0318550192316776e+00,
1.0953985385226590e+00,
1.0833509638846246e+00,
1.0044083317951813e+00,
1.0954201409338662e+00,
1.2859390020996944e+00,
1.2499339478685860e+00,
1.0143970897597683e+00,
1.0834231563034362e+00,
1.2499465110458565e+00,
1.2184894303768867e+00,
1.0130131504929074e+00,
1.0051709072252228e+00,
1.0144498331956273e+00,
1.0124009558161737e+00,
1.0008800831461750e+00,

