1
1
1
0
(16 0
((0,0) (15,15) (0,0))
((16,0) (31,15) (0,0))
((32,0) (47,15) (0,0))
((48,0) (63,15) (0,0))
((0,16) (15,31) (0,0))
((16,16) (31,31) (0,0))
((32,16) (47,31) (0,0))
((48,16) (63,31) (0,0))
((0,32) (15,47) (0,0))
((16,32) (31,47) (0,0))
((32,32) (47,47) (0,0))
((48,32) (63,47) (0,0))
((0,48) (15,63) (0,0))
((16,48) (31,63) (0,0))
((32,48) (47,63) (0,0))
((48,48) (63,63) (0,0))
)
16
FabOnDisk: Cell_D_00000 0
FabOnDisk: Cell_D_00000 2130
FabOnDisk: Cell_D_00000 4261
FabOnDisk: Cell_D_00000 6392
FabOnDisk: Cell_D_00000 8523
FabOnDisk: Cell_D_00000 10654
FabOnDisk: Cell_D_00000 12786
FabOnDisk: Cell_D_00000 14918
FabOnDisk: Cell_D_00000 17050
FabOnDisk: Cell_D_00000 19181
FabOnDisk: Cell_D_00000 21313
FabOnDisk: Cell_D_00000 23445
FabOnDisk: Cell_D_00000 25577
FabOnDisk: Cell_D_00000 27708
FabOnDisk: Cell_D_00000 29840
FabOnDisk: Cell_D_00000 31972

16,1
1.0000002315681105e+00,
1.0000001545499055e+00,
1.0000088391201838e+00,
1.0000154076704739e+00,
1.0000001474449516e+00,
1.0000000849335997e+00,
1.0000030628837309e+00,
1.0000126057231331e+00,
1.0000045458858073e+00,
1.0000034152710491e+00,
1.0001699899871976e+00,
1.0006925373515196e+00,
1.0000238424113728e+00,
1.0000114865253047e+00,
1.0005347798019053e+00,
1.0020921311959345e+00,

16,1
1.0013050910454606e+00,
1.0003414121810796e+00,
1.0089506660052290e+00,
1.0091299613466529e+00,
1.0005009343006486e+00,
1.0000991290240935e+00,
1.0013206217057253e+00,
1.0020841189274876e+00,
1.0074887255981111e+00,
1.0019804835542065e+00,
1.1013426004677316e+00,
1.1090555959030981e+00,
1.0090744310179498e+00,
1.0020072913760343e+00,
1.1091104751530247e+00,
1.1174255805691187e+00,

