1
1
1
0
(16 0
((0,0) (15,15) (0,0))
((16,0) (31,15) (0,0))
((32,0) (47,15) (0,0))
((48,0) (63,15) (0,0))
((0,16) (15,31) (0,0))
((16,16) (31,31) (0,0))
((32,16) (47,31) (0,0))
((48,16) (63,31) (0,0))
((0,32) (15,47) (0,0))
((16,32) (31,47) (0,0))
((32,32) (47,47) (0,0))
((48,32) (63,47) (0,0))
((0,48) (15,63) (0,0))
((16,48) (31,63) (0,0))
((32,48) (47,63) (0,0))
((48,48) (63,63) (0,0))
)
16
FabOnDisk: Cell_D_00000 0
FabOnDisk: Cell_D_00000 2130
FabOnDisk: Cell_D_00000 4261
FabOnDisk: Cell_D_00000 6392
FabOnDisk: Cell_D_00000 8523
FabOnDisk: Cell_D_00000 10654
FabOnDisk: Cell_D_00000 12786
FabOnDisk: Cell_D_00000 14918
FabOnDisk: Cell_D_00000 17050
FabOnDisk: Cell_D_00000 19181
FabOnDisk: Cell_D_00000 21313
FabOnDisk: Cell_D_00000 23445
FabOnDisk: Cell_D_00000 25577
FabOnDisk: Cell_D_00000 27708
FabOnDisk: Cell_D_00000 29840
FabOnDisk: Cell_D_00000 31972

16,1
1.0000000007617533e+00,
1.0000002358239195e+00,
1.0000000325856631e+00,
1.0000000000729530e+00,
1.0000016418433375e+00,
1.0004622180664196e+00,
1.0000092804020775e+00,
1.0000000622973997e+00,
1.0000008376469325e+00,
1.0006199828487456e+00,
1.0000114897351056e+00,
1.0000000529812081e+00,
1.0000000007726821e+00,
1.0000002464303033e+00,
1.0000000141502547e+00,
1.0000000000719278e+00,

16,1
1.0001246404795272e+00,
1.0019677142931280e+00,
1.0016761529054370e+00,
1.0000062217366072e+00,
1.0280948987704155e+00,
1.1773379689087982e+00,
1.0904261742068124e+00,
1.0001386532831138e+00,
1.0308906796811048e+00,
1.1743316462591791e+00,
1.0756527723460911e+00,
1.0001020259424802e+00,
1.0003952128023743e+00,
1.0013266500410178e+00,
1.0005406684093581e+00,
1.0000036176787213e+00,

