1
1
1
0
(9 0
((24,24) (39,39) (0,0))
((40,24) (55,39) (0,0))
((56,24) (71,39) (0,0))
((24,40) (39,55) (0,0))
((40,40) (55,55) (0,0))
((56,40) (71,55) (0,0))
((24,56) (39,71) (0,0))
((40,56) (55,71) (0,0))
((56,56) (71,71) (0,0))
)
9
FabOnDisk: Cell_D_00000 0
FabOnDisk: Cell_D_00000 2132
FabOnDisk: Cell_D_00000 4264
FabOnDisk: Cell_D_00000 6396
FabOnDisk: Cell_D_00000 8528
FabOnDisk: Cell_D_00000 10660
FabOnDisk: Cell_D_00000 12792
FabOnDisk: Cell_D_00000 14924
FabOnDisk: Cell_D_00000 17056

9,1
1.0000098032831666e+00,
1.0004041780622135e+00,
1.0000901800765356e+00,
1.0007153767983035e+00,
1.0640848355379502e+00,
1.0034318300650880e+00,
1.0000682000130363e+00,
1.0043638328810749e+00,
1.0003597840187011e+00,

9,1
1.0457576628760230e+00,
1.1226958402808684e+00,
1.0929451101521086e+00,
1.1227068964037457e+00,
1.3291321148332278e+00,
1.2494811352836432e+00,
1.0930460511284028e+00,
1.2494964974720633e+00,
1.1891544662834370e+00,

