HyperCLaw-V1.1
1
phi
2
1.1932426932523
1
-1 -1 
1 1 
2 
((0,0) (63,63) (0,0)) ((0,0) (127,127) (0,0)) 
60 120 
0.03125 0.03125 
0.015625 0.015625 
0
0
0 16 1.1932426932523
60
-1 -0.5
-1 -0.5
-0.5 0
-1 -0.5
0 0.5
-1 -0.5
0.5 1
-1 -0.5
-1 -0.5
-0.5 0
-0.5 0
-0.5 0
0 0.5
-0.5 0
0.5 1
-0.5 0
-1 -0.5
0 0.5
-0.5 0
0 0.5
0 0.5
0 0.5
0.5 1
0 0.5
-1 -0.5
0.5 1
-0.5 0
0.5 1
0 0.5
0.5 1
0.5 1
0.5 1
Level_0/Cell
1 9 1.1932426932523
120
-1 -0.75
-1 -0.75
-0.75 -0.5
-1 -0.75
-1 -0.75
-0.75 -0.5
-0.75 -0.5
-0.75 -0.5
0.75 1
-1 -0.75
0.75 1
-0.75 -0.5
-1 -0.75
0.75 1
-0.75 -0.5
0.75 1
0.875 1
0.875 1
Level_1/Cell
