HyperCLaw-V1.1
1
phi
2
2.18761160429588
1
-1 -1 
1 1 
2 
((0,0) (63,63) (0,0)) ((0,0) (127,127) (0,0)) 
110 220 
0.03125 0.03125 
0.015625 0.015625 
0
0
0 16 2.18761160429588
110
-1 -0.5
-1 -0.5
-0.5 0
-1 -0.5
0 0.5
-1 -0.5
0.5 1
-1 -0.5
-1 -0.5
-0.5 0
-0.5 0
-0.5 0
0 0.5
-0.5 0
0.5 1
-0.5 0
-1 -0.5
0 0.5
-0.5 0
0 0.5
0 0.5
0 0.5
0.5 1
0 0.5
-1 -0.5
0.5 1
-0.5 0
0.5 1
0 0.5
0.5 1
0.5 1
0.5 1
Level_0/Cell
1 16 2.18761160429588
220
-0.375 -0.125
-0.25 0
-0.125 0.125
-0.25 0
0.125 0.375
-0.25 0
0.375 0.5
-0.25 0
-0.375 -0.125
0 0.25
-0.125 0.125
0 0.25
0.125 0.375
0 0.25
0.375 0.5
0 0.25
-0.375 -0.125
0.25 0.5
-0.125 0.125
0.25 0.5
0.125 0.375
0.25 0.5
0.375 0.5
0.25 0.5
-0.375 -0.125
0.5 0.625
-0.125 0.125
0.5 0.625
0.125 0.375
0.5 0.625
0.375 0.5
0.5 0.625
Level_1/Cell
