HyperCLaw-V1.1
1
phi
2
2.98310673313075
1
-1 -1 
1 1 
2 
((0,0) (63,63) (0,0)) ((0,0) (127,127) (0,0)) 
150 300 
0.03125 0.03125 
0.015625 0.015625 
0
0
0 16 2.98310673313075
150
-1 -0.5
-1 -0.5
-0.5 0
-1 -0.5
0 0.5
-1 -0.5
0.5 1
-1 -0.5
-1 -0.5
-0.5 0
-0.5 0
-0.5 0
0 0.5
-0.5 0
0.5 1
-0.5 0
-1 -0.5
0 0.5
-0.5 0
0 0.5
0 0.5
0 0.5
0.5 1
0 0.5
-1 -0.5
0.5 1
-0.5 0
0.5 1
0 0.5
0.5 1
0.5 1
0.5 1
Level_0/Cell
1 16 2.98310673313075
300
-1 -0.75
-1 -0.75
-0.75 -0.625
-1 -0.75
-1 -0.75
-0.75 -0.625
-0.75 -0.625
-0.75 -0.625
0.5 0.75
-1 -0.75
0.75 1
-1 -0.75
0.5 0.75
-0.75 -0.625
0.75 1
-0.75 -0.625
-1 -0.75
0.5 0.75
-0.75 -0.625
0.5 0.75
-1 -0.75
0.75 1
-0.75 -0.625
0.75 1
0.5 0.75
0.5 0.75
0.75 1
0.5 0.75
0.5 0.75
0.75 1
0.75 1
0.75 1
Level_1/Cell
