1
1
1
0
(17 0
((80,0) (95,7) (0,0))
((96,0) (111,7) (0,0))
((112,0) (127,7) (0,0))
((72,80) (87,95) (0,0))
((88,80) (103,95) (0,0))
((104,80) (119,95) (0,0))
((120,80) (127,95) (0,0))
((72,96) (87,111) (0,0))
((88,96) (103,111) (0,0))
((104,96) (119,111) (0,0))
((120,96) (127,111) (0,0))
((72,112) (87,127) (0,0))
((88,112) (103,127) (0,0))
((104,112) (119,127) (0,0))
((120,112) (127,127) (0,0))
((0,96) (7,111) (0,0))
((0,112) (7,119) (0,0))
)
17
FabOnDisk: Cell_D_00000 0
FabOnDisk: Cell_D_00000 1106
FabOnDisk: Cell_D_00000 2213
FabOnDisk: Cell_D_00000 3321
FabOnDisk: Cell_D_00000 5453
FabOnDisk: Cell_D_00000 7586
FabOnDisk: Cell_D_00000 9720
FabOnDisk: Cell_D_00000 10830
FabOnDisk: Cell_D_00000 12963
FabOnDisk: Cell_D_00000 15097
FabOnDisk: Cell_D_00000 17232
FabOnDisk: Cell_D_00000 18343
FabOnDisk: Cell_D_00000 20477
FabOnDisk: Cell_D_00000 22612
FabOnDisk: Cell_D_00000 24748
FabOnDisk: Cell_D_00000 25860
FabOnDisk: Cell_D_00000 26967

17,1
1.0004742441924210e+00,
1.0101201782372526e+00,
1.0009083165742876e+00,
1.0000016842412418e+00,
1.0000150892429405e+00,
1.0002023284571497e+00,
1.0002260744995175e+00,
1.0000999959432224e+00,
1.0067608232774907e+00,
1.0137545892548332e+00,
1.0027656193626586e+00,
1.0000790879397667e+00,
1.0087277738479956e+00,
1.0413265040113739e+00,
1.0100591778580392e+00,
1.0002135932475706e+00,
1.0018991492454130e+00,

17,1
1.0303524462797218e+00,
1.0722611172704870e+00,
1.0633736302734584e+00,
1.0035821096523132e+00,
1.0280065972825125e+00,
1.0302043479659941e+00,
1.0114366358179736e+00,
1.0180303197224017e+00,
1.1910071665267528e+00,
1.2243579760457819e+00,
1.1032373368204069e+00,
1.0308737616481558e+00,
1.2216818364313469e+00,
1.2355899125060690e+00,
1.0933680665639391e+00,
1.0235420885195194e+00,
1.0194882483226801e+00,

