1
1
1
0
(16 0
((32,40) (47,55) (0,0))
((48,40) (63,55) (0,0))
((64,40) (79,55) (0,0))
((80,40) (95,55) (0,0))
((32,56) (47,71) (0,0))
((48,56) (63,71) (0,0))
((64,56) (79,71) (0,0))
((80,56) (95,71) (0,0))
((32,72) (47,87) (0,0))
((48,72) (63,87) (0,0))
((64,72) (79,87) (0,0))
((80,72) (95,87) (0,0))
((32,88) (47,103) (0,0))
((48,88) (63,103) (0,0))
((64,88) (79,103) (0,0))
((80,88) (95,103) (0,0))
)
16
FabOnDisk: Cell_D_00000 0
FabOnDisk: Cell_D_00000 2132
FabOnDisk: Cell_D_00000 4264
FabOnDisk: Cell_D_00000 6396
FabOnDisk: Cell_D_00000 8528
FabOnDisk: Cell_D_00000 10660
FabOnDisk: Cell_D_00000 12792
FabOnDisk: Cell_D_00000 14924
FabOnDisk: Cell_D_00000 17056
FabOnDisk: Cell_D_00000 19188
FabOnDisk: Cell_D_00000 21320
FabOnDisk: Cell_D_00000 23452
FabOnDisk: Cell_D_00000 25584
FabOnDisk: Cell_D_00000 27717
FabOnDisk: Cell_D_00000 29850
FabOnDisk: Cell_D_00000 31983

16,1
1.0000217310833581e+00,
1.0001357102019195e+00,
1.0007487064602933e+00,
1.0000974975243537e+00,
1.0008931413328415e+00,
1.0165095926381729e+00,
1.0123525889718654e+00,
1.0003783141058129e+00,
1.0009850983900745e+00,
1.0295390688854777e+00,
1.0380908526135804e+00,
1.0021837102759428e+00,
1.0001275522640687e+00,
1.0020873491295239e+00,
1.0019927180546200e+00,
1.0002359261180065e+00,

16,1
1.0109972260292521e+00,
1.0316566594296224e+00,
1.0316366830576060e+00,
1.0105976764758027e+00,
1.0432906066684096e+00,
1.1561454178343908e+00,
1.1586058849812781e+00,
1.0638697566512763e+00,
1.0601397605383329e+00,
1.1712681539586127e+00,
1.1704838948757874e+00,
1.0561623781515610e+00,
1.0262086521002740e+00,
1.0827105234030945e+00,
1.0827771066327747e+00,
1.0264762095449722e+00,

