HyperCLaw-V1.1
1
phi
2
4.77297077300919
1
-1 -1 
1 1 
2 
((0,0) (63,63) (0,0)) ((0,0) (127,127) (0,0)) 
240 480 
0.03125 0.03125 
0.015625 0.015625 
0
0
0 16 4.77297077300919
240
-1 -0.5
-1 -0.5
-0.5 0
-1 -0.5
0 0.5
-1 -0.5
0.5 1
-1 -0.5
-1 -0.5
-0.5 0
-0.5 0
-0.5 0
0 0.5
-0.5 0
0.5 1
-0.5 0
-1 -0.5
0 0.5
-0.5 0
0 0.5
0 0.5
0 0.5
0.5 1
0 0.5
-1 -0.5
0.5 1
-0.5 0
0.5 1
0 0.5
0.5 1
0.5 1
0.5 1
Level_0/Cell
1 16 4.77297077300919
480
0.125 0.375
-1 -0.75
0.375 0.625
-1 -0.75
0.625 0.875
-1 -0.75
0.875 1
-1 -0.75
0 0.25
0.25 0.5
0.25 0.5
0.25 0.5
0.5 0.75
0.25 0.5
0.75 1
0.25 0.5
0 0.25
0.5 0.75
0.25 0.5
0.5 0.75
0.5 0.75
0.5 0.75
0.75 1
0.5 0.75
0 0.25
0.75 1
0.25 0.5
0.75 1
0.5 0.75
0.75 1
0.75 1
0.75 1
Level_1/Cell
