1
1
1
0
(23 0
((0,0) (7,7) (0,0))
((80,0) (95,15) (0,0))
((96,0) (111,15) (0,0))
((112,0) (127,15) (0,0))
((72,72) (87,87) (0,0))
((88,72) (103,87) (0,0))
((104,72) (119,87) (0,0))
((120,72) (127,87) (0,0))
((72,88) (87,103) (0,0))
((88,88) (103,103) (0,0))
((104,88) (119,103) (0,0))
((120,88) (127,103) (0,0))
((72,104) (87,119) (0,0))
((88,104) (103,119) (0,0))
((104,104) (119,119) (0,0))
((120,104) (127,119) (0,0))
((72,120) (87,127) (0,0))
((88,120) (103,127) (0,0))
((104,120) (119,127) (0,0))
((120,120) (127,127) (0,0))
((0,80) (15,95) (0,0))
((0,96) (15,111) (0,0))
((0,112) (15,127) (0,0))
)
23
FabOnDisk: Cell_D_00000 0
FabOnDisk: Cell_D_00000 592
FabOnDisk: Cell_D_00000 2723
FabOnDisk: Cell_D_00000 4855
FabOnDisk: Cell_D_00000 6988
FabOnDisk: Cell_D_00000 9120
FabOnDisk: Cell_D_00000 11253
FabOnDisk: Cell_D_00000 13387
FabOnDisk: Cell_D_00000 14497
FabOnDisk: Cell_D_00000 16630
FabOnDisk: Cell_D_00000 18764
FabOnDisk: Cell_D_00000 20899
FabOnDisk: Cell_D_00000 22010
FabOnDisk: Cell_D_00000 24144
FabOnDisk: Cell_D_00000 26279
FabOnDisk: Cell_D_00000 28415
FabOnDisk: Cell_D_00000 29527
FabOnDisk: Cell_D_00000 30637
FabOnDisk: Cell_D_00000 31748
FabOnDisk: Cell_D_00000 32860
FabOnDisk: Cell_D_00000 33460
FabOnDisk: Cell_D_00000 35591
FabOnDisk: Cell_D_00000 37723

23,1
1.0062781456615579e+00,
1.0007439348796618e+00,
1.0044153789552372e+00,
1.0033959941283690e+00,
1.0000491088297732e+00,
1.0001338596832337e+00,
1.0006330258515981e+00,
1.0011940854828609e+00,
1.0004614602445374e+00,
1.0042488586485934e+00,
1.0179855485870157e+00,
1.0118119215429995e+00,
1.0010042423286967e+00,
1.0181259968419774e+00,
1.0777453074765810e+00,
1.0511374051588274e+00,
1.0006276284918878e+00,
1.0120037903586347e+00,
1.0516128153449555e+00,
1.0341843664668739e+00,
1.0005193205091210e+00,
1.0026134994209517e+00,
1.0051885968047753e+00,

23,1
1.0287877122619737e+00,
1.0249424969944692e+00,
1.0571168310064398e+00,
1.0573724994387286e+00,
1.0032328957303331e+00,
1.0148703053234716e+00,
1.0190165904700634e+00,
1.0161278539021943e+00,
1.0150383444741136e+00,
1.0704129209912252e+00,
1.0899202404982460e+00,
1.0761829418207967e+00,
1.0190737054256818e+00,
1.0899869113408309e+00,
1.1149415375556544e+00,
1.0974690079461076e+00,
1.0161376089649619e+00,
1.0763973927150237e+00,
1.0975439765144850e+00,
1.0827566499438817e+00,
1.0244152619878903e+00,
1.0569268790304931e+00,
1.0572421538236976e+00,

