1
1
1
0
(16 0
((0,0) (15,15) (0,0))
((16,0) (31,15) (0,0))
((32,0) (47,15) (0,0))
((48,0) (63,15) (0,0))
((0,16) (15,31) (0,0))
((16,16) (31,31) (0,0))
((32,16) (47,31) (0,0))
((48,16) (63,31) (0,0))
((0,32) (15,47) (0,0))
((16,32) (31,47) (0,0))
((32,32) (47,47) (0,0))
((48,32) (63,47) (0,0))
((0,48) (15,63) (0,0))
((16,48) (31,63) (0,0))
((32,48) (47,63) (0,0))
((48,48) (63,63) (0,0))
)
16
FabOnDisk: Cell_D_00000 0
FabOnDisk: Cell_D_00000 2130
FabOnDisk: Cell_D_00000 4261
FabOnDisk: Cell_D_00000 6392
FabOnDisk: Cell_D_00000 8523
FabOnDisk: Cell_D_00000 10654
FabOnDisk: Cell_D_00000 12786
FabOnDisk: Cell_D_00000 14918
FabOnDisk: Cell_D_00000 17050
FabOnDisk: Cell_D_00000 19181
FabOnDisk: Cell_D_00000 21313
FabOnDisk: Cell_D_00000 23445
FabOnDisk: Cell_D_00000 25577
FabOnDisk: Cell_D_00000 27708
FabOnDisk: Cell_D_00000 29840
FabOnDisk: Cell_D_00000 31972

16,1
1.0000015346972411e+00,
1.0000551334517713e+00,
1.0000043418356039e+00,
1.0000001601183004e+00,
1.0001195642222858e+00,
1.0245149898456432e+00,
1.0001486744721424e+00,
1.0000085506920413e+00,
1.0000046783396561e+00,
1.0002239050715347e+00,
1.0000072076452677e+00,
1.0000003903383836e+00,
1.0000001621051580e+00,
1.0000075423457293e+00,
1.0000004061755472e+00,
1.0000000181853055e+00,

16,1
1.0158142633150911e+00,
1.0455906873037595e+00,
1.0199476865955359e+00,
1.0000866455119954e+00,
1.0456537195050706e+00,
1.1319953518090453e+00,
1.0584636804115020e+00,
1.0002943167394009e+00,
1.0204467729667877e+00,
1.0585747436880169e+00,
1.0261626866528966e+00,
1.0002246338307206e+00,
1.0001786472237040e+00,
1.0002958907807509e+00,
1.0001348513452171e+00,
1.0000035841133754e+00,

