1
1
1
0
(16 0
((0,0) (15,15) (0,0))
((16,0) (31,15) (0,0))
((32,0) (47,15) (0,0))
((48,0) (63,15) (0,0))
((0,16) (15,31) (0,0))
((16,16) (31,31) (0,0))
((32,16) (47,31) (0,0))
((48,16) (63,31) (0,0))
((0,32) (15,47) (0,0))
((16,32) (31,47) (0,0))
((32,32) (47,47) (0,0))
((48,32) (63,47) (0,0))
((0,48) (15,63) (0,0))
((16,48) (31,63) (0,0))
((32,48) (47,63) (0,0))
((48,48) (63,63) (0,0))
)
16
FabOnDisk: Cell_D_00000 0
FabOnDisk: Cell_D_00000 2130
FabOnDisk: Cell_D_00000 4261
FabOnDisk: Cell_D_00000 6392
FabOnDisk: Cell_D_00000 8523
FabOnDisk: Cell_D_00000 10654
FabOnDisk: Cell_D_00000 12786
FabOnDisk: Cell_D_00000 14918
FabOnDisk: Cell_D_00000 17050
FabOnDisk: Cell_D_00000 19181
FabOnDisk: Cell_D_00000 21313
FabOnDisk: Cell_D_00000 23445
FabOnDisk: Cell_D_00000 25577
FabOnDisk: Cell_D_00000 27708
FabOnDisk: Cell_D_00000 29840
FabOnDisk: Cell_D_00000 31972

16,1
1.0004594244804552e+00,
1.0001252419577211e+00,
1.0000000754607825e+00,
1.0000002909466175e+00,
1.0025328910121309e+00,
1.0005690685392905e+00,
1.0000003841446654e+00,
1.0000017266733288e+00,
1.0000013970196351e+00,
1.0000002322373229e+00,
1.0000000001881639e+00,
1.0000000010743848e+00,
1.0000004805439768e+00,
1.0000001000718013e+00,
1.0000000000915057e+00,
1.0000000003316363e+00,

16,1
1.0997194811693931e+00,
1.0953934932932106e+00,
1.0024709049796916e+00,
1.0089256712940855e+00,
1.1109742659750954e+00,
1.1031179353955782e+00,
1.0020916778244340e+00,
1.0118715947469652e+00,
1.0137571546588433e+00,
1.0123916591169668e+00,
1.0002069391590838e+00,
1.0016743230823748e+00,
1.0024493374014589e+00,
1.0023921854591085e+00,
1.0000746010059862e+00,
1.0001901789031669e+00,

