1
1
1
0
(16 0
((0,0) (15,15) (0,0))
((16,0) (31,15) (0,0))
((32,0) (47,15) (0,0))
((48,0) (63,15) (0,0))
((0,16) (15,31) (0,0))
((16,16) (31,31) (0,0))
((32,16) (47,31) (0,0))
((48,16) (63,31) (0,0))
((0,32) (15,47) (0,0))
((16,32) (31,47) (0,0))
((32,32) (47,47) (0,0))
((48,32) (63,47) (0,0))
((0,48) (15,63) (0,0))
((16,48) (31,63) (0,0))
((32,48) (47,63) (0,0))
((48,48) (63,63) (0,0))
)
16
FabOnDisk: Cell_D_00000 0
FabOnDisk: Cell_D_00000 2130
FabOnDisk: Cell_D_00000 4261
FabOnDisk: Cell_D_00000 6392
FabOnDisk: Cell_D_00000 8523
FabOnDisk: Cell_D_00000 10654
FabOnDisk: Cell_D_00000 12786
FabOnDisk: Cell_D_00000 14918
FabOnDisk: Cell_D_00000 17050
FabOnDisk: Cell_D_00000 19181
FabOnDisk: Cell_D_00000 21313
FabOnDisk: Cell_D_00000 23445
FabOnDisk: Cell_D_00000 25577
FabOnDisk: Cell_D_00000 27708
FabOnDisk: Cell_D_00000 29840
FabOnDisk: Cell_D_00000 31972

16,1
1.0000000012743637e+00,
1.0000000067085937e+00,
1.0000024730499066e+00,
1.0000002023715189e+00,
1.0000000006307521e+00,
1.0000000017323065e+00,
1.0000004765564445e+00,
1.0000001356734618e+00,
1.0000001034656281e+00,
1.0000005201559856e+00,
1.0000514641940665e+00,
1.0000291633088461e+00,
1.0000005274469188e+00,
1.0000017296175738e+00,
1.0010242007096748e+00,
1.0001833873689641e+00,

16,1
1.0000723717602598e+00,
1.0006658247726519e+00,
1.0061489663796532e+00,
1.0043709627476705e+00,
1.0000206864979022e+00,
1.0000226701539685e+00,
1.0006106181603629e+00,
1.0006738226666856e+00,
1.0005163787540425e+00,
1.0086167547158418e+00,
1.1358843689127560e+00,
1.1155694309589039e+00,
1.0005428268181824e+00,
1.0153207800856421e+00,
1.1578502606925731e+00,
1.1147289818440231e+00,

