1
1
1
0
(16 0
((0,0) (15,15) (0,0))
((16,0) (31,15) (0,0))
((32,0) (47,15) (0,0))
((48,0) (63,15) (0,0))
((0,16) (15,31) (0,0))
((16,16) (31,31) (0,0))
((32,16) (47,31) (0,0))
((48,16) (63,31) (0,0))
((0,32) (15,47) (0,0))
((16,32) (31,47) (0,0))
((32,32) (47,47) (0,0))
((48,32) (63,47) (0,0))
((0,48) (15,63) (0,0))
((16,48) (31,63) (0,0))
((32,48) (47,63) (0,0))
((48,48) (63,63) (0,0))
)
16
FabOnDisk: Cell_D_00000 0
FabOnDisk: Cell_D_00000 2130
FabOnDisk: Cell_D_00000 4261
FabOnDisk: Cell_D_00000 6392
FabOnDisk: Cell_D_00000 8523
FabOnDisk: Cell_D_00000 10654
FabOnDisk: Cell_D_00000 12786
FabOnDisk: Cell_D_00000 14918
FabOnDisk: Cell_D_00000 17050
FabOnDisk: Cell_D_00000 19181
FabOnDisk: Cell_D_00000 21313
FabOnDisk: Cell_D_00000 23445
FabOnDisk: Cell_D_00000 25577
FabOnDisk: Cell_D_00000 27708
FabOnDisk: Cell_D_00000 29840
FabOnDisk: Cell_D_00000 31972

16,1
1.0000000924442025e+00,
1.0000000356300647e+00,
1.0000104257236557e+00,
1.0000310365460043e+00,
1.0000000034562582e+00,
1.0000000012076451e+00,
1.0000001125227869e+00,
1.0000012465310186e+00,
1.0000000609564870e+00,
1.0000000163440759e+00,
1.0000013336075055e+00,
1.0000440162001181e+00,
1.0000035593308894e+00,
1.0000016656971784e+00,
1.0004631750601363e+00,
1.0027394602671489e+00,

16,1
1.0030837773447157e+00,
1.0003331260069075e+00,
1.0575681455726129e+00,
1.0620583986797010e+00,
1.0000265013289338e+00,
1.0000061205697997e+00,
1.0001512839133782e+00,
1.0001543937250641e+00,
1.0013168910192289e+00,
1.0003039106691340e+00,
1.0377355886626325e+00,
1.0406627594650035e+00,
1.0083085924397905e+00,
1.0006818866751592e+00,
1.1410274493313004e+00,
1.1519924811503470e+00,

