1
1
1
0
(16 0
((56,64) (71,79) (0,0))
((72,64) (87,79) (0,0))
((88,64) (103,79) (0,0))
((104,64) (119,79) (0,0))
((56,80) (71,95) (0,0))
((72,80) (87,95) (0,0))
((88,80) (103,95) (0,0))
((104,80) (119,95) (0,0))
((56,96) (71,111) (0,0))
((72,96) (87,111) (0,0))
((88,96) (103,111) (0,0))
((104,96) (119,111) (0,0))
((56,112) (71,127) (0,0))
((72,112) (87,127) (0,0))
((88,112) (103,127) (0,0))
((104,112) (119,127) (0,0))
)
16
FabOnDisk: Cell_D_00000 0
FabOnDisk: Cell_D_00000 2132
FabOnDisk: Cell_D_00000 4264
FabOnDisk: Cell_D_00000 6397
FabOnDisk: Cell_D_00000 8531
FabOnDisk: Cell_D_00000 10663
FabOnDisk: Cell_D_00000 12795
FabOnDisk: Cell_D_00000 14928
FabOnDisk: Cell_D_00000 17062
FabOnDisk: Cell_D_00000 19195
FabOnDisk: Cell_D_00000 21328
FabOnDisk: Cell_D_00000 23462
FabOnDisk: Cell_D_00000 25597
FabOnDisk: Cell_D_00000 27731
FabOnDisk: Cell_D_00000 29865
FabOnDisk: Cell_D_00000 32000

16,1
1.0000209831462885e+00,
1.0001276870886113e+00,
1.0006745413705742e+00,
1.0001520165661826e+00,
1.0009414727637922e+00,
1.0135499811757875e+00,
1.0120326730401417e+00,
1.0004574175863663e+00,
1.0012960053676856e+00,
1.0323150120868028e+00,
1.0489971521903687e+00,
1.0029509108334891e+00,
1.0001600480833277e+00,
1.0029930376883880e+00,
1.0041328045791655e+00,
1.0005287265060723e+00,

16,1
1.0090141954085901e+00,
1.0259241879543934e+00,
1.0260513006407548e+00,
1.0104388470268550e+00,
1.0385761018096475e+00,
1.1358418548418767e+00,
1.1393658163619877e+00,
1.0643844814847108e+00,
1.0581518548648552e+00,
1.1582971148322674e+00,
1.1579527319860783e+00,
1.0587295932276126e+00,
1.0293785961109021e+00,
1.0926702179415044e+00,
1.0932579435930927e+00,
1.0357644594070212e+00,

