1
1
1
0
(16 0
((0,0) (15,15) (0,0))
((16,0) (31,15) (0,0))
((32,0) (47,15) (0,0))
((48,0) (63,15) (0,0))
((0,16) (15,31) (0,0))
((16,16) (31,31) (0,0))
((32,16) (47,31) (0,0))
((48,16) (63,31) (0,0))
((0,32) (15,47) (0,0))
((16,32) (31,47) (0,0))
((32,32) (47,47) (0,0))
((48,32) (63,47) (0,0))
((0,48) (15,63) (0,0))
((16,48) (31,63) (0,0))
((32,48) (47,63) (0,0))
((48,48) (63,63) (0,0))
)
16
FabOnDisk: Cell_D_00000 0
FabOnDisk: Cell_D_00000 2130
FabOnDisk: Cell_D_00000 4261
FabOnDisk: Cell_D_00000 6392
FabOnDisk: Cell_D_00000 8523
FabOnDisk: Cell_D_00000 10654
FabOnDisk: Cell_D_00000 12786
FabOnDisk: Cell_D_00000 14918
FabOnDisk: Cell_D_00000 17050
FabOnDisk: Cell_D_00000 19181
FabOnDisk: Cell_D_00000 21313
FabOnDisk: Cell_D_00000 23445
FabOnDisk: Cell_D_00000 25577
FabOnDisk: Cell_D_00000 27708
FabOnDisk: Cell_D_00000 29840
FabOnDisk: Cell_D_00000 31972

16,1
1.0000000049372286e+00,
1.0000016668958318e+00,
1.0000000000001839e+00,
1.0000000000000147e+00,
1.0000004830924087e+00,
1.0000280145346747e+00,
1.0000000000133291e+00,
1.0000000000007447e+00,
1.0000000000003220e+00,
1.0000000000087255e+00,
1.0000000000000044e+00,
1.0000000000000024e+00,
1.0000000000000107e+00,
1.0000000000011890e+00,
1.0000000000000022e+00,
1.0000000000000016e+00,

16,1
1.1560680089461557e+00,
1.2334284792844874e+00,
1.0002684667136030e+00,
1.0000056427555526e+00,
1.2334345834647438e+00,
1.3491512756020028e+00,
1.0006951797299966e+00,
1.0000073308515893e+00,
1.0005916598522688e+00,
1.0006910614045694e+00,
1.0000099394645070e+00,
1.0000001400704379e+00,
1.0000027983719388e+00,
1.0000079270705249e+00,
1.0000004520512671e+00,
1.0000000011126657e+00,

