1
1
1
0
(16 0
((0,0) (15,15) (0,0))
((16,0) (31,15) (0,0))
((32,0) (47,15) (0,0))
((48,0) (63,15) (0,0))
((0,16) (15,31) (0,0))
((16,16) (31,31) (0,0))
((32,16) (47,31) (0,0))
((48,16) (63,31) (0,0))
((0,32) (15,47) (0,0))
((16,32) (31,47) (0,0))
((32,32) (47,47) (0,0))
((48,32) (63,47) (0,0))
((0,48) (15,63) (0,0))
((16,48) (31,63) (0,0))
((32,48) (47,63) (0,0))
((48,48) (63,63) (0,0))
)
16
FabOnDisk: Cell_D_00000 0
FabOnDisk: Cell_D_00000 2130
FabOnDisk: Cell_D_00000 4261
FabOnDisk: Cell_D_00000 6392
FabOnDisk: Cell_D_00000 8523
FabOnDisk: Cell_D_00000 10654
FabOnDisk: Cell_D_00000 12786
FabOnDisk: Cell_D_00000 14918
FabOnDisk: Cell_D_00000 17050
FabOnDisk: Cell_D_00000 19181
FabOnDisk: Cell_D_00000 21313
FabOnDisk: Cell_D_00000 23445
FabOnDisk: Cell_D_00000 25577
FabOnDisk: Cell_D_00000 27708
FabOnDisk: Cell_D_00000 29840
FabOnDisk: Cell_D_00000 31972

16,1
1.0000000000000064e+00,
1.0000000000001630e+00,
1.0000000009558894e+00,
1.0000000000040412e+00,
1.0000000000000222e+00,
1.0000000000019658e+00,
1.0000000128709952e+00,
1.0000000001973326e+00,
1.0000000002981055e+00,
1.0000001157482503e+00,
1.0005499049500690e+00,
1.0000004211213831e+00,
1.0000000000121532e+00,
1.0000000046224655e+00,
1.0000230623250512e+00,
1.0000000214354756e+00,

16,1
1.0000000031782372e+00,
1.0000113380836575e+00,
1.0000450827493141e+00,
1.0000121340493988e+00,
1.0000002313887699e+00,
1.0001418468699663e+00,
1.0034649414383818e+00,
1.0016431181054750e+00,
1.0000050841151573e+00,
1.0241105543344708e+00,
1.2651695381967107e+00,
1.0876779621642223e+00,
1.0000027457326466e+00,
1.0153388833149877e+00,
1.1720576477149949e+00,
1.0415252358704787e+00,

