1
1
1
0
(20 0
((0,0) (15,15) (0,0))
((16,0) (31,15) (0,0))
((32,0) (47,15) (0,0))
((48,0) (55,15) (0,0))
((0,16) (15,31) (0,0))
((16,16) (31,31) (0,0))
((32,16) (47,31) (0,0))
((48,16) (55,31) (0,0))
((0,32) (15,47) (0,0))
((16,32) (31,47) (0,0))
((32,32) (47,47) (0,0))
((48,32) (55,47) (0,0))
((0,48) (15,63) (0,0))
((16,48) (31,63) (0,0))
((32,48) (47,63) (0,0))
((48,48) (55,63) (0,0))
((112,8) (127,23) (0,0))
((112,24) (127,39) (0,0))
((112,40) (127,55) (0,0))
((112,56) (127,63) (0,0))
)
20
FabOnDisk: Cell_D_00000 0
FabOnDisk: Cell_D_00000 2130
FabOnDisk: Cell_D_00000 4261
FabOnDisk: Cell_D_00000 6392
FabOnDisk: Cell_D_00000 7499
FabOnDisk: Cell_D_00000 9630
FabOnDisk: Cell_D_00000 11762
FabOnDisk: Cell_D_00000 13894
FabOnDisk: Cell_D_00000 15002
FabOnDisk: Cell_D_00000 17133
FabOnDisk: Cell_D_00000 19265
FabOnDisk: Cell_D_00000 21397
FabOnDisk: Cell_D_00000 22505
FabOnDisk: Cell_D_00000 24636
FabOnDisk: Cell_D_00000 26768
FabOnDisk: Cell_D_00000 28900
FabOnDisk: Cell_D_00000 30008
FabOnDisk: Cell_D_00000 32141
FabOnDisk: Cell_D_00000 34275
FabOnDisk: Cell_D_00000 36409

20,1
1.0001883374504354e+00,
1.0009896847774777e+00,
1.0006230824776388e+00,
1.0001820652420434e+00,
1.0099118536748057e+00,
1.0241951213258702e+00,
1.0031528531661880e+00,
1.0005369455225510e+00,
1.0186844293832984e+00,
1.0688263990983333e+00,
1.0116705606431424e+00,
1.0026955697637621e+00,
1.0026672659269584e+00,
1.0077403792202688e+00,
1.0014140470735420e+00,
1.0005971785342200e+00,
1.0002242971912245e+00,
1.0009689823556100e+00,
1.0003914353595478e+00,
1.0001522363301429e+00,

20,1
1.0272399850096798e+00,
1.0302612854438309e+00,
1.0207791298425024e+00,
1.0025620856392086e+00,
1.1038792489072065e+00,
1.1214045794074552e+00,
1.0889899489526798e+00,
1.0131140846547091e+00,
1.1206825759469714e+00,
1.1332852223543450e+00,
1.0877956432084326e+00,
1.0119754672633119e+00,
1.0731136141812858e+00,
1.0831869078247185e+00,
1.0571184648895768e+00,
1.0082564767064524e+00,
1.0146038341294896e+00,
1.0300413811585607e+00,
1.0289979199433534e+00,
1.0083599073198266e+00,

