1
1
1
0
(16 0
((8,16) (23,31) (0,0))
((24,16) (39,31) (0,0))
((40,16) (55,31) (0,0))
((56,16) (71,31) (0,0))
((8,32) (23,47) (0,0))
((24,32) (39,47) (0,0))
((40,32) (55,47) (0,0))
((56,32) (71,47) (0,0))
((8,48) (23,63) (0,0))
((24,48) (39,63) (0,0))
((40,48) (55,63) (0,0))
((56,48) (71,63) (0,0))
((8,64) (23,79) (0,0))
((24,64) (39,79) (0,0))
((40,64) (55,79) (0,0))
((56,64) (71,79) (0,0))
)
16
FabOnDisk: Cell_D_00000 0
FabOnDisk: Cell_D_00000 2131
FabOnDisk: Cell_D_00000 4263
FabOnDisk: Cell_D_00000 6395
FabOnDisk: Cell_D_00000 8527
FabOnDisk: Cell_D_00000 10658
FabOnDisk: Cell_D_00000 12790
FabOnDisk: Cell_D_00000 14922
FabOnDisk: Cell_D_00000 17054
FabOnDisk: Cell_D_00000 19185
FabOnDisk: Cell_D_00000 21317
FabOnDisk: Cell_D_00000 23449
FabOnDisk: Cell_D_00000 25581
FabOnDisk: Cell_D_00000 27712
FabOnDisk: Cell_D_00000 29844
FabOnDisk: Cell_D_00000 31976

16,1
1.0000227417535636e+00,
1.0001335134781704e+00,
1.0008159472232732e+00,
1.0000750317586378e+00,
1.0008180853879369e+00,
1.0196897836630574e+00,
1.0128441915390265e+00,
1.0002985050449928e+00,
1.0006433018115710e+00,
1.0247663145805757e+00,
1.0285280134153338e+00,
1.0013748977301573e+00,
1.0001016617770198e+00,
1.0014344803504780e+00,
1.0009583296538049e+00,
1.0001041855404191e+00,

16,1
1.0131109150810709e+00,
1.0386784111996106e+00,
1.0384673146619154e+00,
1.0108249850020026e+00,
1.0466467871581624e+00,
1.1776283376407815e+00,
1.1791976201615808e+00,
1.0624532372984916e+00,
1.0607331652469039e+00,
1.1856845067497035e+00,
1.1846928568968722e+00,
1.0539659847749017e+00,
1.0209630128963247e+00,
1.0699509194630303e+00,
1.0698164552980565e+00,
1.0192169560407578e+00,

