1
1
1
0
(16 0
((0,0) (15,15) (0,0))
((16,0) (31,15) (0,0))
((32,0) (47,15) (0,0))
((48,0) (63,15) (0,0))
((0,16) (15,31) (0,0))
((16,16) (31,31) (0,0))
((32,16) (47,31) (0,0))
((48,16) (63,31) (0,0))
((0,32) (15,47) (0,0))
((16,32) (31,47) (0,0))
((32,32) (47,47) (0,0))
((48,32) (63,47) (0,0))
((0,48) (15,63) (0,0))
((16,48) (31,63) (0,0))
((32,48) (47,63) (0,0))
((48,48) (63,63) (0,0))
)
16
FabOnDisk: Cell_D_00000 0
FabOnDisk: Cell_D_00000 2130
FabOnDisk: Cell_D_00000 4261
FabOnDisk: Cell_D_00000 6392
FabOnDisk: Cell_D_00000 8523
FabOnDisk: Cell_D_00000 10654
FabOnDisk: Cell_D_00000 12786
FabOnDisk: Cell_D_00000 14918
FabOnDisk: Cell_D_00000 17050
FabOnDisk: Cell_D_00000 19181
FabOnDisk: Cell_D_00000 21313
FabOnDisk: Cell_D_00000 23445
FabOnDisk: Cell_D_00000 25577
FabOnDisk: Cell_D_00000 27708
FabOnDisk: Cell_D_00000 29840
FabOnDisk: Cell_D_00000 31972

16,1
1.0050159226005044e+00,
1.0000124390925222e+00,
1.0000024728350843e+00,
1.0002384808299798e+00,
1.0002971266063068e+00,
1.0000026931290682e+00,
1.0000003721743129e+00,
1.0000216436124998e+00,
1.0000050854555123e+00,
1.0000000469714794e+00,
1.0000000064398982e+00,
1.0000001815769626e+00,
1.0000191582180846e+00,
1.0000002356183948e+00,
1.0000000196188559e+00,
1.0000004508560982e+00,

16,1
1.1369061608079238e+00,
1.0214979913439377e+00,
1.0003921345869202e+00,
1.0996405314785784e+00,
1.1030280460290784e+00,
1.0170609114042282e+00,
1.0003183927737309e+00,
1.0695265477055975e+00,
1.0007962236192918e+00,
1.0001460291169724e+00,
1.0000143579594294e+00,
1.0006701574414947e+00,
1.0164600625868341e+00,
1.0029611329624482e+00,
1.0001024321882097e+00,
1.0104719961260575e+00,

