1
1
1
0
(16 0
((0,0) (15,15) (0,0))
((16,0) (31,15) (0,0))
((32,0) (47,15) (0,0))
((48,0) (63,15) (0,0))
((0,16) (15,31) (0,0))
((16,16) (31,31) (0,0))
((32,16) (47,31) (0,0))
((48,16) (63,31) (0,0))
((0,32) (15,47) (0,0))
((16,32) (31,47) (0,0))
((32,32) (47,47) (0,0))
((48,32) (63,47) (0,0))
((0,48) (15,63) (0,0))
((16,48) (31,63) (0,0))
((32,48) (47,63) (0,0))
((48,48) (63,63) (0,0))
)
16
FabOnDisk: Cell_D_00000 0
FabOnDisk: Cell_D_00000 2130
FabOnDisk: Cell_D_00000 4261
FabOnDisk: Cell_D_00000 6392
FabOnDisk: Cell_D_00000 8523
FabOnDisk: Cell_D_00000 10654
FabOnDisk: Cell_D_00000 12786
FabOnDisk: Cell_D_00000 14918
FabOnDisk: Cell_D_00000 17050
FabOnDisk: Cell_D_00000 19181
FabOnDisk: Cell_D_00000 21313
FabOnDisk: Cell_D_00000 23445
FabOnDisk: Cell_D_00000 25577
FabOnDisk: Cell_D_00000 27708
FabOnDisk: Cell_D_00000 29840
FabOnDisk: Cell_D_00000 31972

16,1
1.0000000000000000e+00,
1.0000000000000000e+00,
1.0000000000000000e+00,
1.0000000000000000e+00,
1.0000000000000000e+00,
1.0000000000000000e+00,
1.0000000000000000e+00,
1.0000000000000000e+00,
1.0000000000000000e+00,
1.0000000000000000e+00,
1.0000000000006948e+00,
1.0000000001800733e+00,
1.0000000000000000e+00,
1.0000000000000000e+00,
1.0000000008867853e+00,
1.0000002298391526e+00,

16,1
1.0000000061511385e+00,
1.0000000001159040e+00,
1.0001164929511355e+00,
1.0001474967101234e+00,
1.0000000000278995e+00,
1.0000000000000153e+00,
1.0000000469038286e+00,
1.0000000805637765e+00,
1.0000410981457850e+00,
1.0000000865911658e+00,
1.1638140680944442e+00,
1.2458718157042261e+00,
1.0000373578138730e+00,
1.0000002574590043e+00,
1.3119786600751704e+00,
1.4234322333896379e+00,

