1
1
1
0
(16 0
((0,0) (15,15) (0,0))
((16,0) (31,15) (0,0))
((32,0) (47,15) (0,0))
((48,0) (63,15) (0,0))
((0,16) (15,31) (0,0))
((16,16) (31,31) (0,0))
((32,16) (47,31) (0,0))
((48,16) (63,31) (0,0))
((0,32) (15,47) (0,0))
((16,32) (31,47) (0,0))
((32,32) (47,47) (0,0))
((48,32) (63,47) (0,0))
((0,48) (15,63) (0,0))
((16,48) (31,63) (0,0))
((32,48) (47,63) (0,0))
((48,48) (63,63) (0,0))
)
16
FabOnDisk: Cell_D_00000 0
FabOnDisk: Cell_D_00000 2130
FabOnDisk: Cell_D_00000 4261
FabOnDisk: Cell_D_00000 6392
FabOnDisk: Cell_D_00000 8523
FabOnDisk: Cell_D_00000 10654
FabOnDisk: Cell_D_00000 12786
FabOnDisk: Cell_D_00000 14918
FabOnDisk: Cell_D_00000 17050
FabOnDisk: Cell_D_00000 19181
FabOnDisk: Cell_D_00000 21313
FabOnDisk: Cell_D_00000 23445
FabOnDisk: Cell_D_00000 25577
FabOnDisk: Cell_D_00000 27708
FabOnDisk: Cell_D_00000 29840
FabOnDisk: Cell_D_00000 31972

16,1
1.0003765494314840e+00,
1.0000636251788795e+00,
1.0007735531562298e+00,
1.0097572303870015e+00,
1.0000094394902659e+00,
1.0000014932384600e+00,
1.0000150015408007e+00,
1.0002173715742282e+00,
1.0000093552252374e+00,
1.0000015202955563e+00,
1.0000164601088768e+00,
1.0002203044848985e+00,
1.0004302801616345e+00,
1.0000651099333202e+00,
1.0006904040930349e+00,
1.0101551699327624e+00,

16,1
1.0344943077994508e+00,
1.0024218311875102e+00,
1.0434160692489673e+00,
1.0601033651054328e+00,
1.0067291876874653e+00,
1.0005762795479514e+00,
1.0094401605526819e+00,
1.0125192134788785e+00,
1.0081519662750154e+00,
1.0003715373596740e+00,
1.0081066914468650e+00,
1.0124886562873878e+00,
1.0369469506007443e+00,
1.0020539745129400e+00,
1.0409409307372965e+00,
1.0599914773107477e+00,

