1
1
1
0
(16 0
((0,0) (15,15) (0,0))
((16,0) (31,15) (0,0))
((32,0) (47,15) (0,0))
((48,0) (63,15) (0,0))
((0,16) (15,31) (0,0))
((16,16) (31,31) (0,0))
((32,16) (47,31) (0,0))
((48,16) (63,31) (0,0))
((0,32) (15,47) (0,0))
((16,32) (31,47) (0,0))
((32,32) (47,47) (0,0))
((48,32) (63,47) (0,0))
((0,48) (15,63) (0,0))
((16,48) (31,63) (0,0))
((32,48) (47,63) (0,0))
((48,48) (63,63) (0,0))
)
16
FabOnDisk: Cell_D_00000 0
FabOnDisk: Cell_D_00000 2130
FabOnDisk: Cell_D_00000 4261
FabOnDisk: Cell_D_00000 6392
FabOnDisk: Cell_D_00000 8523
FabOnDisk: Cell_D_00000 10654
FabOnDisk: Cell_D_00000 12786
FabOnDisk: Cell_D_00000 14918
FabOnDisk: Cell_D_00000 17050
FabOnDisk: Cell_D_00000 19181
FabOnDisk: Cell_D_00000 21313
FabOnDisk: Cell_D_00000 23445
FabOnDisk: Cell_D_00000 25577
FabOnDisk: Cell_D_00000 27708
FabOnDisk: Cell_D_00000 29840
FabOnDisk: Cell_D_00000 31972

16,1
1.0000020616243464e+00,
1.0000000581157353e+00,
1.0000011088628062e+00,
1.0001175554313357e+00,
1.0000000623504748e+00,
1.0000000013503301e+00,
1.0000000187808677e+00,
1.0000017253173212e+00,
1.0000011074770836e+00,
1.0000000185131417e+00,
1.0000002772969059e+00,
1.0000197825735697e+00,
1.0000689306774193e+00,
1.0000019384316015e+00,
1.0000492258335674e+00,
1.0197002430649851e+00,

16,1
1.0252126200086265e+00,
1.0001110487134481e+00,
1.0172377148017060e+00,
1.0622633323339794e+00,
1.0000658796139605e+00,
1.0000009069700200e+00,
1.0000801341406442e+00,
1.0001535689585572e+00,
1.0168201251797317e+00,
1.0000371988454861e+00,
1.0116537886106109e+00,
1.0423834086937083e+00,
1.0621388259983202e+00,
1.0001525100267801e+00,
1.0424345756961526e+00,
1.1548325557767134e+00,

