1
1
1
0
(16 0
((40,40) (55,55) (0,0))
((56,40) (71,55) (0,0))
((72,40) (87,55) (0,0))
((88,40) (103,55) (0,0))
((40,56) (55,71) (0,0))
((56,56) (71,71) (0,0))
((72,56) (87,71) (0,0))
((88,56) (103,71) (0,0))
((40,72) (55,87) (0,0))
((56,72) (71,87) (0,0))
((72,72) (87,87) (0,0))
((88,72) (103,87) (0,0))
((40,88) (55,103) (0,0))
((56,88) (71,103) (0,0))
((72,88) (87,103) (0,0))
((88,88) (103,103) (0,0))
)
16
FabOnDisk: Cell_D_00000 0
FabOnDisk: Cell_D_00000 2132
FabOnDisk: Cell_D_00000 4264
FabOnDisk: Cell_D_00000 6396
FabOnDisk: Cell_D_00000 8529
FabOnDisk: Cell_D_00000 10661
FabOnDisk: Cell_D_00000 12793
FabOnDisk: Cell_D_00000 14925
FabOnDisk: Cell_D_00000 17058
FabOnDisk: Cell_D_00000 19190
FabOnDisk: Cell_D_00000 21322
FabOnDisk: Cell_D_00000 23454
FabOnDisk: Cell_D_00000 25587
FabOnDisk: Cell_D_00000 27720
FabOnDisk: Cell_D_00000 29853
FabOnDisk: Cell_D_00000 31986

16,1
1.0001722899476873e+00,
1.0008964148454780e+00,
1.0025130924014969e+00,
1.0004427280410748e+00,
1.0015922329112965e+00,
1.0169375741794229e+00,
1.0274718779155878e+00,
1.0024955681890630e+00,
1.0018530579759253e+00,
1.0278191321847854e+00,
1.0454887715241217e+00,
1.0064610670884258e+00,
1.0004494996229996e+00,
1.0041182776725839e+00,
1.0047823441467281e+00,
1.0011159159004737e+00,

16,1
1.0135337497693535e+00,
1.0397418238759784e+00,
1.0409702907906471e+00,
1.0225486975854294e+00,
1.0398062971887001e+00,
1.1173321529468312e+00,
1.1209716159628362e+00,
1.0670151530832801e+00,
1.0410351661907575e+00,
1.1209983422620391e+00,
1.1247543622180978e+00,
1.0692000947456806e+00,
1.0229160728536930e+00,
1.0672653472731233e+00,
1.0693040536825706e+00,
1.0386056017672345e+00,

