1
1
1
0
(16 0
((56,56) (71,71) (0,0))
((72,56) (87,71) (0,0))
((88,56) (103,71) (0,0))
((104,56) (111,71) (0,0))
((56,72) (71,87) (0,0))
((72,72) (87,87) (0,0))
((88,72) (103,87) (0,0))
((104,72) (111,87) (0,0))
((56,88) (71,103) (0,0))
((72,88) (87,103) (0,0))
((88,88) (103,103) (0,0))
((104,88) (111,103) (0,0))
((56,104) (71,111) (0,0))
((72,104) (87,111) (0,0))
((88,104) (103,111) (0,0))
((104,104) (111,111) (0,0))
)
16
FabOnDisk: Cell_D_00000 0
FabOnDisk: Cell_D_00000 2132
FabOnDisk: Cell_D_00000 4264
FabOnDisk: Cell_D_00000 6397
FabOnDisk: Cell_D_00000 7507
FabOnDisk: Cell_D_00000 9639
FabOnDisk: Cell_D_00000 11771
FabOnDisk: Cell_D_00000 13904
FabOnDisk: Cell_D_00000 15014
FabOnDisk: Cell_D_00000 17147
FabOnDisk: Cell_D_00000 19280
FabOnDisk: Cell_D_00000 21414
FabOnDisk: Cell_D_00000 22525
FabOnDisk: Cell_D_00000 23635
FabOnDisk: Cell_D_00000 24745
FabOnDisk: Cell_D_00000 25856

16,1
1.0000022766816536e+00,
1.0000524599970366e+00,
1.0001871238319175e+00,
1.0000201308495498e+00,
1.0010158158930471e+00,
1.0288139645425258e+00,
1.0018266076590021e+00,
1.0001038290795228e+00,
1.0005464211036263e+00,
1.0287890032288176e+00,
1.0048122874362664e+00,
1.0005578559490123e+00,
1.0001631169100831e+00,
1.0053142726954925e+00,
1.0003729961146037e+00,
1.0001150443646363e+00,

16,1
1.0178925115291906e+00,
1.0375214213972046e+00,
1.0297233775205006e+00,
1.0015529013050992e+00,
1.0970023717079525e+00,
1.2616993663620302e+00,
1.2298893718350448e+00,
1.0162605409322076e+00,
1.1236979554896056e+00,
1.2656077629494298e+00,
1.2188543997772414e+00,
1.0121429763000955e+00,
1.0229398055056664e+00,
1.0523817178746833e+00,
1.0421417918840228e+00,
1.0025491400384492e+00,

