1
1
1
0
(16 0
((0,0) (15,15) (0,0))
((16,0) (31,15) (0,0))
((32,0) (47,15) (0,0))
((48,0) (63,15) (0,0))
((0,16) (15,31) (0,0))
((16,16) (31,31) (0,0))
((32,16) (47,31) (0,0))
((48,16) (63,31) (0,0))
((0,32) (15,47) (0,0))
((16,32) (31,47) (0,0))
((32,32) (47,47) (0,0))
((48,32) (63,47) (0,0))
((0,48) (15,63) (0,0))
((16,48) (31,63) (0,0))
((32,48) (47,63) (0,0))
((48,48) (63,63) (0,0))
)
16
FabOnDisk: Cell_D_00000 0
FabOnDisk: Cell_D_00000 2130
FabOnDisk: Cell_D_00000 4261
FabOnDisk: Cell_D_00000 6392
FabOnDisk: Cell_D_00000 8523
FabOnDisk: Cell_D_00000 10654
FabOnDisk: Cell_D_00000 12786
FabOnDisk: Cell_D_00000 14918
FabOnDisk: Cell_D_00000 17050
FabOnDisk: Cell_D_00000 19181
FabOnDisk: Cell_D_00000 21313
FabOnDisk: Cell_D_00000 23445
FabOnDisk: Cell_D_00000 25577
FabOnDisk: Cell_D_00000 27708
FabOnDisk: Cell_D_00000 29840
FabOnDisk: Cell_D_00000 31972

16,1
1.0000036425603764e+00,
1.0000000018682065e+00,
1.0000000353965728e+00,
1.0001632701810010e+00,
1.0000000006681822e+00,
1.0000000000002915e+00,
1.0000000000033471e+00,
1.0000000084784055e+00,
1.0000000020538486e+00,
1.0000000000002895e+00,
1.0000000000031117e+00,
1.0000000080072906e+00,
1.0000029652155424e+00,
1.0000000019138333e+00,
1.0000000479373625e+00,
1.0000422251498369e+00,

16,1
1.1142490500761499e+00,
1.0000589033526912e+00,
1.0121626315087173e+00,
1.2187388371766201e+00,
1.0003055018343658e+00,
1.0000009161161998e+00,
1.0000849391737157e+00,
1.0006471672927901e+00,
1.0007792394575814e+00,
1.0000018573875349e+00,
1.0000110708743231e+00,
1.0007738413719585e+00,
1.1464111622355646e+00,
1.0000822440356449e+00,
1.0092138755694138e+00,
1.2224632874409940e+00,

