1
1
1
0
(16 0
((0,0) (15,15) (0,0))
((16,0) (31,15) (0,0))
((32,0) (47,15) (0,0))
((48,0) (63,15) (0,0))
((0,16) (15,31) (0,0))
((16,16) (31,31) (0,0))
((32,16) (47,31) (0,0))
((48,16) (63,31) (0,0))
((0,32) (15,47) (0,0))
((16,32) (31,47) (0,0))
((32,32) (47,47) (0,0))
((48,32) (63,47) (0,0))
((0,48) (15,63) (0,0))
((16,48) (31,63) (0,0))
((32,48) (47,63) (0,0))
((48,48) (63,63) (0,0))
)
16
FabOnDisk: Cell_D_00000 0
FabOnDisk: Cell_D_00000 2130
FabOnDisk: Cell_D_00000 4261
FabOnDisk: Cell_D_00000 6392
FabOnDisk: Cell_D_00000 8523
FabOnDisk: Cell_D_00000 10654
FabOnDisk: Cell_D_00000 12786
FabOnDisk: Cell_D_00000 14918
FabOnDisk: Cell_D_00000 17050
FabOnDisk: Cell_D_00000 19181
FabOnDisk: Cell_D_00000 21313
FabOnDisk: Cell_D_00000 23445
FabOnDisk: Cell_D_00000 25577
FabOnDisk: Cell_D_00000 27708
FabOnDisk: Cell_D_00000 29840
FabOnDisk: Cell_D_00000 31972

16,1
1.0004034504907304e+00,
1.0000000000832117e+00,
1.0000000000000091e+00,
1.0000000159746116e+00,
1.0000000000635414e+00,
1.0000000000000036e+00,
1.0000000000000004e+00,
1.0000000000000044e+00,
1.0000000000000129e+00,
1.0000000000000002e+00,
1.0000000000000000e+00,
1.0000000000000000e+00,
1.0000000334908548e+00,
1.0000000000000029e+00,
1.0000000000000000e+00,
1.0000000000007101e+00,

16,1
1.4191054902540443e+00,
1.0046448067864922e+00,
1.0000000678232384e+00,
1.0670647256841519e+00,
1.0046609778493425e+00,
1.0001248606908193e+00,
1.0000000034571730e+00,
1.0011315164480981e+00,
1.0000000700426743e+00,
1.0000000192977183e+00,
1.0000000000000933e+00,
1.0000000085822764e+00,
1.0670638133542945e+00,
1.0003909569041691e+00,
1.0000000198966295e+00,
1.0107396555044734e+00,

