1
1
1
0
(16 0
((0,0) (15,15) (0,0))
((16,0) (31,15) (0,0))
((32,0) (47,15) (0,0))
((48,0) (63,15) (0,0))
((0,16) (15,31) (0,0))
((16,16) (31,31) (0,0))
((32,16) (47,31) (0,0))
((48,16) (63,31) (0,0))
((0,32) (15,47) (0,0))
((16,32) (31,47) (0,0))
((32,32) (47,47) (0,0))
((48,32) (63,47) (0,0))
((0,48) (15,63) (0,0))
((16,48) (31,63) (0,0))
((32,48) (47,63) (0,0))
((48,48) (63,63) (0,0))
)
16
FabOnDisk: Cell_D_00000 0
FabOnDisk: Cell_D_00000 2130
FabOnDisk: Cell_D_00000 4261
FabOnDisk: Cell_D_00000 6392
FabOnDisk: Cell_D_00000 8523
FabOnDisk: Cell_D_00000 10654
FabOnDisk: Cell_D_00000 12786
FabOnDisk: Cell_D_00000 14918
FabOnDisk: Cell_D_00000 17050
FabOnDisk: Cell_D_00000 19181
FabOnDisk: Cell_D_00000 21313
FabOnDisk: Cell_D_00000 23445
FabOnDisk: Cell_D_00000 25577
FabOnDisk: Cell_D_00000 27708
FabOnDisk: Cell_D_00000 29840
FabOnDisk: Cell_D_00000 31972

16,1
1.0000010981763470e+00,
1.0000011166224494e+00,
1.0001201013927246e+00,
1.0000844905573203e+00,
1.0000001166776133e+00,
1.0000001110145473e+00,
1.0000052292105190e+00,
1.0000101198788200e+00,
1.0000007678717897e+00,
1.0000007466469607e+00,
1.0000241197330628e+00,
1.0001274036754662e+00,
1.0000221871472739e+00,
1.0000246434237454e+00,
1.0050312969796247e+00,
1.0023169952941333e+00,

16,1
1.0025233085776142e+00,
1.0044260064366903e+00,
1.0542978865620909e+00,
1.0523055436780093e+00,
1.0000861918078794e+00,
1.0000822081200833e+00,
1.0004825789479217e+00,
1.0004641382089976e+00,
1.0012415934037002e+00,
1.0034856564451704e+00,
1.0446973563344020e+00,
1.0440583629861642e+00,
1.0049017618060401e+00,
1.0082479575901830e+00,
1.1114374159805522e+00,
1.1094059220966053e+00,

