1
1
1
0
(14 0
((0,0) (15,15) (0,0))
((16,0) (31,15) (0,0))
((32,0) (47,15) (0,0))
((0,16) (15,31) (0,0))
((16,16) (31,31) (0,0))
((32,16) (47,31) (0,0))
((0,32) (15,47) (0,0))
((16,32) (31,47) (0,0))
((32,32) (47,47) (0,0))
((120,0) (127,15) (0,0))
((120,16) (127,31) (0,0))
((120,32) (127,39) (0,0))
((8,120) (23,127) (0,0))
((24,120) (39,127) (0,0))
)
14
FabOnDisk: Cell_D_00000 0
FabOnDisk: Cell_D_00000 2130
FabOnDisk: Cell_D_00000 4261
FabOnDisk: Cell_D_00000 6392
FabOnDisk: Cell_D_00000 8523
FabOnDisk: Cell_D_00000 10655
FabOnDisk: Cell_D_00000 12787
FabOnDisk: Cell_D_00000 14918
FabOnDisk: Cell_D_00000 17050
FabOnDisk: Cell_D_00000 19182
FabOnDisk: Cell_D_00000 20291
FabOnDisk: Cell_D_00000 21401
FabOnDisk: Cell_D_00000 21999
FabOnDisk: Cell_D_00000 23108

14,1
1.0005594831893430e+00,
1.0085628831246827e+00,
1.0007593000477981e+00,
1.0087096491550551e+00,
1.1090361893685092e+00,
1.0084410571763187e+00,
1.0009873345692368e+00,
1.0095573773872266e+00,
1.0011638071002724e+00,
1.0001449724585205e+00,
1.0008446219887730e+00,
1.0003568247018186e+00,
1.0002012702328806e+00,
1.0007822600872394e+00,

14,1
1.0920561148180310e+00,
1.1377883125728188e+00,
1.0993597648424673e+00,
1.1378319650325659e+00,
1.2063352266977958e+00,
1.1489322512179805e+00,
1.0995609188927282e+00,
1.1489768733547243e+00,
1.1075894896813008e+00,
1.0063170819781782e+00,
1.0092639595365058e+00,
1.0066359841210006e+00,
1.0091950679413872e+00,
1.0092480532250345e+00,

