1
1
1
0
(16 0
((40,56) (55,71) (0,0))
((56,56) (71,71) (0,0))
((72,56) (87,71) (0,0))
((88,56) (103,71) (0,0))
((40,72) (55,87) (0,0))
((56,72) (71,87) (0,0))
((72,72) (87,87) (0,0))
((88,72) (103,87) (0,0))
((40,88) (55,103) (0,0))
((56,88) (71,103) (0,0))
((72,88) (87,103) (0,0))
((88,88) (103,103) (0,0))
((40,104) (55,119) (0,0))
((56,104) (71,119) (0,0))
((72,104) (87,119) (0,0))
((88,104) (103,119) (0,0))
)
16
FabOnDisk: Cell_D_00000 0
FabOnDisk: Cell_D_00000 2132
FabOnDisk: Cell_D_00000 4264
FabOnDisk: Cell_D_00000 6396
FabOnDisk: Cell_D_00000 8529
FabOnDisk: Cell_D_00000 10661
FabOnDisk: Cell_D_00000 12793
FabOnDisk: Cell_D_00000 14925
FabOnDisk: Cell_D_00000 17058
FabOnDisk: Cell_D_00000 19191
FabOnDisk: Cell_D_00000 21324
FabOnDisk: Cell_D_00000 23457
FabOnDisk: Cell_D_00000 25591
FabOnDisk: Cell_D_00000 27725
FabOnDisk: Cell_D_00000 29859
FabOnDisk: Cell_D_00000 31993

16,1
1.0000421731001168e+00,
1.0002416541600017e+00,
1.0018321936516603e+00,
1.0004055235955756e+00,
1.0005525393941985e+00,
1.0167403784854376e+00,
1.0324032478224294e+00,
1.0017263900573723e+00,
1.0003176200978947e+00,
1.0136087271191787e+00,
1.0363943848445449e+00,
1.0034252423723762e+00,
1.0000476567522802e+00,
1.0007679498068700e+00,
1.0017027641639982e+00,
1.0002426337520496e+00,

16,1
1.0119566401253675e+00,
1.0499149976722664e+00,
1.0526097466989806e+00,
1.0267944869232544e+00,
1.0313508318867559e+00,
1.1515769508726084e+00,
1.1638773867645922e+00,
1.0938402284977264e+00,
1.0353146310530514e+00,
1.1560801672479044e+00,
1.1646798937243916e+00,
1.0853307835103234e+00,
1.0115012930188221e+00,
1.0521432554279273e+00,
1.0550167085296154e+00,
1.0264728732228769e+00,

