1
1
1
0
(9 0
((80,80) (95,95) (0,0))
((96,80) (111,95) (0,0))
((112,80) (119,95) (0,0))
((80,96) (95,111) (0,0))
((96,96) (111,111) (0,0))
((112,96) (119,111) (0,0))
((80,112) (95,119) (0,0))
((96,112) (111,119) (0,0))
((112,112) (119,119) (0,0))
)
9
FabOnDisk: Cell_D_00000 0
FabOnDisk: Cell_D_00000 2132
FabOnDisk: Cell_D_00000 4265
FabOnDisk: Cell_D_00000 5375
FabOnDisk: Cell_D_00000 7508
FabOnDisk: Cell_D_00000 9642
FabOnDisk: Cell_D_00000 10753
FabOnDisk: Cell_D_00000 11863
FabOnDisk: Cell_D_00000 12974

9,1
1.0000005376780285e+00,
1.0002575026220351e+00,
1.0000123846195028e+00,
1.0001800098072096e+00,
1.0480386069227388e+00,
1.0027243517534228e+00,
1.0000139684004956e+00,
1.0017168720452727e+00,
1.0001319530667339e+00,

9,1
1.1606708209539482e+00,
1.3089527145619302e+00,
1.0656604852570615e+00,
1.3089528383422691e+00,
1.5940852181459009e+00,
1.1265228283212982e+00,
1.0658578085416786e+00,
1.1265026849700028e+00,
1.0269925922348682e+00,

