HyperCLaw-V1.1
1
phi
2
0.795495128834866
1
-1 -1 
1 1 
2 
((0,0) (63,63) (0,0)) ((0,0) (127,127) (0,0)) 
40 80 
0.03125 0.03125 
0.015625 0.015625 
0
0
0 16 0.795495128834866
40
-1 -0.5
-1 -0.5
-0.5 0
-1 -0.5
0 0.5
-1 -0.5
0.5 1
-1 -0.5
-1 -0.5
-0.5 0
-0.5 0
-0.5 0
0 0.5
-0.5 0
0.5 1
-0.5 0
-1 -0.5
0 0.5
-0.5 0
0 0.5
0 0.5
0 0.5
0.5 1
0 0.5
-1 -0.5
0.5 1
-0.5 0
0.5 1
0 0.5
0.5 1
0.5 1
0.5 1
Level_0/Cell
1 13 0.795495128834866
80
0.5 0.75
-1 -0.875
0.75 1
-1 -0.875
0.375 0.625
0.375 0.625
0.625 0.875
0.375 0.625
0.875 1
0.375 0.625
0.375 0.625
0.625 0.875
0.625 0.875
0.625 0.875
0.875 1
0.625 0.875
0.375 0.625
0.875 1
0.625 0.875
0.875 1
0.875 1
0.875 1
-1 -0.875
0.5 0.75
-1 -0.875
0.75 1
Level_1/Cell
