1
1
1
0
(16 0
((0,0) (15,15) (0,0))
((16,0) (31,15) (0,0))
((32,0) (47,15) (0,0))
((48,0) (63,15) (0,0))
((0,16) (15,31) (0,0))
((16,16) (31,31) (0,0))
((32,16) (47,31) (0,0))
((48,16) (63,31) (0,0))
((0,32) (15,47) (0,0))
((16,32) (31,47) (0,0))
((32,32) (47,47) (0,0))
((48,32) (63,47) (0,0))
((0,48) (15,63) (0,0))
((16,48) (31,63) (0,0))
((32,48) (47,63) (0,0))
((48,48) (63,63) (0,0))
)
16
FabOnDisk: Cell_D_00000 0
FabOnDisk: Cell_D_00000 2130
FabOnDisk: Cell_D_00000 4261
FabOnDisk: Cell_D_00000 6392
FabOnDisk: Cell_D_00000 8523
FabOnDisk: Cell_D_00000 10654
FabOnDisk: Cell_D_00000 12786
FabOnDisk: Cell_D_00000 14918
FabOnDisk: Cell_D_00000 17050
FabOnDisk: Cell_D_00000 19181
FabOnDisk: Cell_D_00000 21313
FabOnDisk: Cell_D_00000 23445
FabOnDisk: Cell_D_00000 25577
FabOnDisk: Cell_D_00000 27708
FabOnDisk: Cell_D_00000 29840
FabOnDisk: Cell_D_00000 31972

16,1
1.0042624490709300e+00,
1.0000026318778767e+00,
1.0000000491200278e+00,
1.0000131278151025e+00,
1.0000012764475028e+00,
1.0000000016649579e+00,
1.0000000000511331e+00,
1.0000000271379998e+00,
1.0000000614557885e+00,
1.0000000000598324e+00,
1.0000000000011748e+00,
1.0000000003409557e+00,
1.0000175600188259e+00,
1.0000000135691509e+00,
1.0000000003515228e+00,
1.0000000990137532e+00,

16,1
1.2145824971730672e+00,
1.0184812142059532e+00,
1.0000338050101387e+00,
1.0921123002040369e+00,
1.0185412437663137e+00,
1.0019526358865067e+00,
1.0000059896538047e+00,
1.0085841118472669e+00,
1.0000381710758941e+00,
1.0000197938656610e+00,
1.0000000360433567e+00,
1.0000082775205501e+00,
1.0920773619332245e+00,
1.0072338794660205e+00,
1.0000205268108973e+00,
1.0395413184227706e+00,

