1
1
1
0
(19 0
((0,0) (15,15) (0,0))
((0,16) (15,23) (0,0))
((80,0) (95,15) (0,0))
((96,0) (111,15) (0,0))
((112,0) (127,15) (0,0))
((80,16) (95,23) (0,0))
((96,16) (111,23) (0,0))
((112,16) (127,23) (0,0))
((80,88) (95,103) (0,0))
((96,88) (111,103) (0,0))
((112,88) (127,103) (0,0))
((80,104) (95,119) (0,0))
((96,104) (111,119) (0,0))
((112,104) (127,119) (0,0))
((80,120) (95,127) (0,0))
((96,120) (111,127) (0,0))
((112,120) (127,127) (0,0))
((0,96) (15,111) (0,0))
((0,112) (15,127) (0,0))
)
19
FabOnDisk: Cell_D_00000 0
FabOnDisk: Cell_D_00000 2130
FabOnDisk: Cell_D_00000 3237
FabOnDisk: Cell_D_00000 5368
FabOnDisk: Cell_D_00000 7500
FabOnDisk: Cell_D_00000 9633
FabOnDisk: Cell_D_00000 10741
FabOnDisk: Cell_D_00000 11850
FabOnDisk: Cell_D_00000 12960
FabOnDisk: Cell_D_00000 15093
FabOnDisk: Cell_D_00000 17227
FabOnDisk: Cell_D_00000 19362
FabOnDisk: Cell_D_00000 21496
FabOnDisk: Cell_D_00000 23631
FabOnDisk: Cell_D_00000 25767
FabOnDisk: Cell_D_00000 26877
FabOnDisk: Cell_D_00000 27988
FabOnDisk: Cell_D_00000 29100
FabOnDisk: Cell_D_00000 31232

19,1
1.0020220227077639e+00,
1.0008180030753959e+00,
1.0011824919324803e+00,
1.0200916333937740e+00,
1.0214642787099948e+00,
1.0003304981078802e+00,
1.0051717753429288e+00,
1.0061614328188195e+00,
1.0000195349900043e+00,
1.0001110359423742e+00,
1.0005769532593187e+00,
1.0008683867069967e+00,
1.0105735644411760e+00,
1.0121172262861318e+00,
1.0025786991037031e+00,
1.0441618317819745e+00,
1.0625530051600471e+00,
1.0003621876009059e+00,
1.0017147197177561e+00,

19,1
1.0587550624115054e+00,
1.0154759944062715e+00,
1.0564795398136593e+00,
1.1446874960753231e+00,
1.1445033416261319e+00,
1.0168271907923419e+00,
1.0436556890328863e+00,
1.0435592659183897e+00,
1.0070193934681630e+00,
1.0211286582039840e+00,
1.0215239720196863e+00,
1.0325309657985324e+00,
1.1166123174570939e+00,
1.1221459648670051e+00,
1.0561995670540796e+00,
1.1471788868236112e+00,
1.1471835029863668e+00,
1.0278717173772629e+00,
1.0661460166647005e+00,

