1
1
1
0
(16 0
((0,0) (15,15) (0,0))
((16,0) (31,15) (0,0))
((32,0) (47,15) (0,0))
((48,0) (63,15) (0,0))
((0,16) (15,31) (0,0))
((16,16) (31,31) (0,0))
((32,16) (47,31) (0,0))
((48,16) (63,31) (0,0))
((0,32) (15,47) (0,0))
((16,32) (31,47) (0,0))
((32,32) (47,47) (0,0))
((48,32) (63,47) (0,0))
((0,48) (15,63) (0,0))
((16,48) (31,63) (0,0))
((32,48) (47,63) (0,0))
((48,48) (63,63) (0,0))
)
16
FabOnDisk: Cell_D_00000 0
FabOnDisk: Cell_D_00000 2130
FabOnDisk: Cell_D_00000 4261
FabOnDisk: Cell_D_00000 6392
FabOnDisk: Cell_D_00000 8523
FabOnDisk: Cell_D_00000 10654
FabOnDisk: Cell_D_00000 12786
FabOnDisk: Cell_D_00000 14918
FabOnDisk: Cell_D_00000 17050
FabOnDisk: Cell_D_00000 19181
FabOnDisk: Cell_D_00000 21313
FabOnDisk: Cell_D_00000 23445
FabOnDisk: Cell_D_00000 25577
FabOnDisk: Cell_D_00000 27708
FabOnDisk: Cell_D_00000 29840
FabOnDisk: Cell_D_00000 31972

16,1
1.0007393658494741e+00,
1.0000206275885040e+00,
1.0000000351873732e+00,
1.0000004020396354e+00,
1.0000633204664939e+00,
1.0000029433785531e+00,
1.0000000037155847e+00,
1.0000000283102282e+00,
1.0000000326341811e+00,
1.0000000047956246e+00,
1.0000000000038671e+00,
1.0000000000305103e+00,
1.0000001420835185e+00,
1.0000000705130005e+00,
1.0000000000279186e+00,
1.0000000001897533e+00,

16,1
1.2052617441930471e+00,
1.1423824989406213e+00,
1.0001903016523050e+00,
1.0081877219307009e+00,
1.1424160658331974e+00,
1.0988504551167273e+00,
1.0001776308124004e+00,
1.0056293578194582e+00,
1.0001900213633830e+00,
1.0001233797080753e+00,
1.0000011641062605e+00,
1.0000286728900014e+00,
1.0081838337879614e+00,
1.0057182035698717e+00,
1.0000093657164173e+00,
1.0002516840117588e+00,

