1
1
1
0
(11 0
((0,0) (15,15) (0,0))
((16,0) (31,15) (0,0))
((32,0) (47,15) (0,0))
((0,16) (15,31) (0,0))
((16,16) (31,31) (0,0))
((32,16) (47,31) (0,0))
((0,32) (15,47) (0,0))
((16,32) (31,47) (0,0))
((32,32) (47,47) (0,0))
((120,8) (127,23) (0,0))
((120,24) (127,31) (0,0))
)
11
FabOnDisk: Cell_D_00000 0
FabOnDisk: Cell_D_00000 2130
FabOnDisk: Cell_D_00000 4261
FabOnDisk: Cell_D_00000 6392
FabOnDisk: Cell_D_00000 8523
FabOnDisk: Cell_D_00000 10655
FabOnDisk: Cell_D_00000 12787
FabOnDisk: Cell_D_00000 14918
FabOnDisk: Cell_D_00000 17050
FabOnDisk: Cell_D_00000 19182
FabOnDisk: Cell_D_00000 20291

11,1
1.0000119972302040e+00,
1.0006437463856250e+00,
1.0000110675888036e+00,
1.0032143030610847e+00,
1.0557789118426588e+00,
1.0001326298887649e+00,
1.0000979882915739e+00,
1.0010097619502445e+00,
1.0000189423105030e+00,
1.0000196161225707e+00,
1.0000726202492363e+00,

11,1
1.1249486717325849e+00,
1.1607483795751223e+00,
1.0429335659447942e+00,
1.2543177262596119e+00,
1.3833454156043645e+00,
1.1445583001827027e+00,
1.1651964296607016e+00,
1.2324645083369590e+00,
1.0734300545191291e+00,
1.0043235718958219e+00,
1.0044801546235615e+00,

