1
1
1
0
(16 0
((0,0) (15,15) (0,0))
((16,0) (31,15) (0,0))
((32,0) (47,15) (0,0))
((48,0) (63,15) (0,0))
((0,16) (15,31) (0,0))
((16,16) (31,31) (0,0))
((32,16) (47,31) (0,0))
((48,16) (63,31) (0,0))
((0,32) (15,47) (0,0))
((16,32) (31,47) (0,0))
((32,32) (47,47) (0,0))
((48,32) (63,47) (0,0))
((0,48) (15,63) (0,0))
((16,48) (31,63) (0,0))
((32,48) (47,63) (0,0))
((48,48) (63,63) (0,0))
)
16
FabOnDisk: Cell_D_00000 0
FabOnDisk: Cell_D_00000 2130
FabOnDisk: Cell_D_00000 4261
FabOnDisk: Cell_D_00000 6392
FabOnDisk: Cell_D_00000 8523
FabOnDisk: Cell_D_00000 10654
FabOnDisk: Cell_D_00000 12786
FabOnDisk: Cell_D_00000 14918
FabOnDisk: Cell_D_00000 17050
FabOnDisk: Cell_D_00000 19181
FabOnDisk: Cell_D_00000 21313
FabOnDisk: Cell_D_00000 23445
FabOnDisk: Cell_D_00000 25577
FabOnDisk: Cell_D_00000 27708
FabOnDisk: Cell_D_00000 29840
FabOnDisk: Cell_D_00000 31972

16,1
1.0000000029090679e+00,
1.0000000000000004e+00,
1.0000000000000004e+00,
1.0000000602434547e+00,
1.0000000000000013e+00,
1.0000000000000000e+00,
1.0000000000000000e+00,
1.0000000000000000e+00,
1.0000000000000009e+00,
1.0000000000000000e+00,
1.0000000000000000e+00,
1.0000000000000000e+00,
1.0000000032671756e+00,
1.0000000000000000e+00,
1.0000000000000000e+00,
1.0000000101770814e+00,

16,1
1.4103055117093228e+00,
1.0000018411430942e+00,
1.0000243693108331e+00,
1.4505877683687867e+00,
1.0000106241300886e+00,
1.0000000001371274e+00,
1.0000000150549873e+00,
1.0000132848217060e+00,
1.0000115811540344e+00,
1.0000000012316241e+00,
1.0000000016046975e+00,
1.0000088480153171e+00,
1.4202097502100801e+00,
1.0000034403181202e+00,
1.0000197980774144e+00,
1.4548420366452084e+00,

