1
1
1
0
(25 0
((0,0) (15,15) (0,0))
((16,0) (23,15) (0,0))
((0,16) (15,23) (0,0))
((16,16) (23,23) (0,0))
((88,0) (103,15) (0,0))
((104,0) (119,15) (0,0))
((120,0) (127,15) (0,0))
((88,16) (103,23) (0,0))
((104,16) (119,23) (0,0))
((120,16) (127,23) (0,0))
((0,88) (15,103) (0,0))
((16,88) (23,103) (0,0))
((0,104) (15,119) (0,0))
((16,104) (23,119) (0,0))
((0,120) (15,127) (0,0))
((16,120) (23,127) (0,0))
((88,88) (103,103) (0,0))
((104,88) (119,103) (0,0))
((120,88) (127,103) (0,0))
((88,104) (103,119) (0,0))
((104,104) (119,119) (0,0))
((120,104) (127,119) (0,0))
((88,120) (103,127) (0,0))
((104,120) (119,127) (0,0))
((120,120) (127,127) (0,0))
)
25
FabOnDisk: Cell_D_00000 0
FabOnDisk: Cell_D_00000 2130
FabOnDisk: Cell_D_00000 3237
FabOnDisk: Cell_D_00000 4344
FabOnDisk: Cell_D_00000 4940
FabOnDisk: Cell_D_00000 7072
FabOnDisk: Cell_D_00000 9205
FabOnDisk: Cell_D_00000 10314
FabOnDisk: Cell_D_00000 11423
FabOnDisk: Cell_D_00000 12533
FabOnDisk: Cell_D_00000 13131
FabOnDisk: Cell_D_00000 15263
FabOnDisk: Cell_D_00000 16372
FabOnDisk: Cell_D_00000 18505
FabOnDisk: Cell_D_00000 19615
FabOnDisk: Cell_D_00000 20724
FabOnDisk: Cell_D_00000 21322
FabOnDisk: Cell_D_00000 23456
FabOnDisk: Cell_D_00000 25591
FabOnDisk: Cell_D_00000 26702
FabOnDisk: Cell_D_00000 28837
FabOnDisk: Cell_D_00000 30973
FabOnDisk: Cell_D_00000 32085
FabOnDisk: Cell_D_00000 33196
FabOnDisk: Cell_D_00000 34308

25,1
1.0168699912719095e+00,
1.0053520077805860e+00,
1.0042380976184380e+00,
1.0016632568579349e+00,
1.0003171593150242e+00,
1.0090250489197616e+00,
1.0443865920338438e+00,
1.0001467429038626e+00,
1.0028957331472284e+00,
1.0122584015190843e+00,
1.0006973361935108e+00,
1.0003262001484510e+00,
1.0085829322370359e+00,
1.0021150226310243e+00,
1.0438263936910643e+00,
1.0109560965365425e+00,
1.0000202611745601e+00,
1.0000773192415149e+00,
1.0004926505402425e+00,
1.0002980189418798e+00,
1.0047807761706489e+00,
1.0235704980219826e+00,
1.0008362537998832e+00,
1.0236540435247772e+00,
1.1173706766529892e+00,

25,1
1.1450421607709369e+00,
1.0430247510499282e+00,
1.0428975122182822e+00,
1.0129885528922562e+00,
1.0223018965224824e+00,
1.1246287104699868e+00,
1.1476056896528306e+00,
1.0067398098561173e+00,
1.0371768486360364e+00,
1.0437233863991155e+00,
1.0222795835539329e+00,
1.0063041924358360e+00,
1.1245535153571455e+00,
1.0364900972161781e+00,
1.1475888810620118e+00,
1.0436514831072314e+00,
1.0034689173715974e+00,
1.0191342087338542e+00,
1.0226726099901386e+00,
1.0192363608552921e+00,
1.1070438790324695e+00,
1.1267670517896935e+00,
1.0227088499007189e+00,
1.1268179358600758e+00,
1.1501996721573280e+00,

