1
1
1
0
(16 0
((48,64) (63,79) (0,0))
((64,64) (79,79) (0,0))
((80,64) (95,79) (0,0))
((96,64) (111,79) (0,0))
((48,80) (63,95) (0,0))
((64,80) (79,95) (0,0))
((80,80) (95,95) (0,0))
((96,80) (111,95) (0,0))
((48,96) (63,111) (0,0))
((64,96) (79,111) (0,0))
((80,96) (95,111) (0,0))
((96,96) (111,111) (0,0))
((48,112) (63,127) (0,0))
((64,112) (79,127) (0,0))
((80,112) (95,127) (0,0))
((96,112) (111,127) (0,0))
)
16
FabOnDisk: Cell_D_00000 0
FabOnDisk: Cell_D_00000 2132
FabOnDisk: Cell_D_00000 4264
FabOnDisk: Cell_D_00000 6396
FabOnDisk: Cell_D_00000 8529
FabOnDisk: Cell_D_00000 10661
FabOnDisk: Cell_D_00000 12793
FabOnDisk: Cell_D_00000 14925
FabOnDisk: Cell_D_00000 17058
FabOnDisk: Cell_D_00000 19191
FabOnDisk: Cell_D_00000 21324
FabOnDisk: Cell_D_00000 23457
FabOnDisk: Cell_D_00000 25591
FabOnDisk: Cell_D_00000 27725
FabOnDisk: Cell_D_00000 29859
FabOnDisk: Cell_D_00000 31993

16,1
1.0001232892875653e+00,
1.0005898554282957e+00,
1.0021424272502832e+00,
1.0006749681617848e+00,
1.0020274911700104e+00,
1.0176267440035314e+00,
1.0218044740236136e+00,
1.0023476692615745e+00,
1.0027029263034075e+00,
1.0326729505069578e+00,
1.0492068051480932e+00,
1.0077816232297017e+00,
1.0004848714713479e+00,
1.0049950465109700e+00,
1.0077307088548091e+00,
1.0015215136664561e+00,

16,1
1.0135597255956992e+00,
1.0326258009377105e+00,
1.0331294924311460e+00,
1.0188064386633378e+00,
1.0410819408802208e+00,
1.1053012263416355e+00,
1.1075362150455090e+00,
1.0628443448361924e+00,
1.0473025126358737e+00,
1.1134573406931561e+00,
1.1149337608477592e+00,
1.0714405368862645e+00,
1.0301955395729441e+00,
1.0741038229807738e+00,
1.0748946886396866e+00,
1.0393489502749320e+00,

