1
1
1
0
(16 0
((64,64) (79,79) (0,0))
((80,64) (95,79) (0,0))
((96,64) (111,79) (0,0))
((112,64) (127,79) (0,0))
((64,80) (79,95) (0,0))
((80,80) (95,95) (0,0))
((96,80) (111,95) (0,0))
((112,80) (127,95) (0,0))
((64,96) (79,111) (0,0))
((80,96) (95,111) (0,0))
((96,96) (111,111) (0,0))
((112,96) (127,111) (0,0))
((64,112) (79,127) (0,0))
((80,112) (95,127) (0,0))
((96,112) (111,127) (0,0))
((112,112) (127,127) (0,0))
)
16
FabOnDisk: Cell_D_00000 0
FabOnDisk: Cell_D_00000 2132
FabOnDisk: Cell_D_00000 4264
FabOnDisk: Cell_D_00000 6397
FabOnDisk: Cell_D_00000 8531
FabOnDisk: Cell_D_00000 10663
FabOnDisk: Cell_D_00000 12795
FabOnDisk: Cell_D_00000 14928
FabOnDisk: Cell_D_00000 17062
FabOnDisk: Cell_D_00000 19195
FabOnDisk: Cell_D_00000 21328
FabOnDisk: Cell_D_00000 23462
FabOnDisk: Cell_D_00000 25597
FabOnDisk: Cell_D_00000 27731
FabOnDisk: Cell_D_00000 29865
FabOnDisk: Cell_D_00000 32000

16,1
1.0000207422078398e+00,
1.0000851957207137e+00,
1.0005579308804857e+00,
1.0002617379517216e+00,
1.0003290166541805e+00,
1.0064320158020372e+00,
1.0203862382163298e+00,
1.0013655399933326e+00,
1.0005259227415477e+00,
1.0205341221738036e+00,
1.0656670115625504e+00,
1.0066034729485465e+00,
1.0001073938977285e+00,
1.0023652861439067e+00,
1.0051019769396161e+00,
1.0008155730046664e+00,

16,1
1.0046587928812851e+00,
1.0243839015010485e+00,
1.0272694381196998e+00,
1.0158434227171642e+00,
1.0244568787175010e+00,
1.1287355233292864e+00,
1.1439627082951183e+00,
1.0838846630953725e+00,
1.0273115904302492e+00,
1.1439984255049793e+00,
1.1610388478157123e+00,
1.0939658839865332e+00,
1.0159870217292690e+00,
1.0841628350327051e+00,
1.0940499143015536e+00,
1.0549979829671616e+00,

