HyperCLaw-V1.1
1
phi
2
4.9718445552179
1
-1 -1 
1 1 
2 
((0,0) (63,63) (0,0)) ((0,0) (127,127) (0,0)) 
250 500 
0.03125 0.03125 
0.015625 0.015625 
0
0
0 16 4.9718445552179
250
-1 -0.5
-1 -0.5
-0.5 0
-1 -0.5
0 0.5
-1 -0.5
0.5 1
-1 -0.5
-1 -0.5
-0.5 0
-0.5 0
-0.5 0
0 0.5
-0.5 0
0.5 1
-0.5 0
-1 -0.5
0 0.5
-0.5 0
0 0.5
0 0.5
0 0.5
0.5 1
0 0.5
-1 -0.5
0.5 1
-0.5 0
0.5 1
0 0.5
0.5 1
0.5 1
0.5 1
Level_0/Cell
1 25 4.9718445552179
500
-1 -0.75
-1 -0.75
-0.75 -0.625
-1 -0.75
-1 -0.75
-0.75 -0.625
-0.75 -0.625
-0.75 -0.625
0.375 0.625
-1 -0.75
0.625 0.875
-1 -0.75
0.875 1
-1 -0.75
0.375 0.625
-0.75 -0.625
0.625 0.875
-0.75 -0.625
0.875 1
-0.75 -0.625
-1 -0.75
0.375 0.625
-0.75 -0.625
0.375 0.625
-1 -0.75
0.625 0.875
-0.75 -0.625
0.625 0.875
-1 -0.75
0.875 1
-0.75 -0.625
0.875 1
0.375 0.625
0.375 0.625
0.625 0.875
0.375 0.625
0.875 1
0.375 0.625
0.375 0.625
0.625 0.875
0.625 0.875
0.625 0.875
0.875 1
0.625 0.875
0.375 0.625
0.875 1
0.625 0.875
0.875 1
0.875 1
0.875 1
Level_1/Cell
