1
1
1
0
(16 0
((0,0) (15,15) (0,0))
((16,0) (31,15) (0,0))
((0,16) (15,31) (0,0))
((16,16) (31,31) (0,0))
((0,32) (15,39) (0,0))
((16,32) (31,39) (0,0))
((96,0) (111,15) (0,0))
((112,0) (127,15) (0,0))
((96,16) (111,31) (0,0))
((112,16) (127,31) (0,0))
((96,32) (111,39) (0,0))
((112,32) (127,39) (0,0))
((0,112) (15,127) (0,0))
((16,112) (31,127) (0,0))
((104,112) (119,127) (0,0))
((120,112) (127,127) (0,0))
)
16
FabOnDisk: Cell_D_00000 0
FabOnDisk: Cell_D_00000 2130
FabOnDisk: Cell_D_00000 4261
FabOnDisk: Cell_D_00000 6392
FabOnDisk: Cell_D_00000 8524
FabOnDisk: Cell_D_00000 9631
FabOnDisk: Cell_D_00000 10739
FabOnDisk: Cell_D_00000 12871
FabOnDisk: Cell_D_00000 15004
FabOnDisk: Cell_D_00000 17137
FabOnDisk: Cell_D_00000 19271
FabOnDisk: Cell_D_00000 20380
FabOnDisk: Cell_D_00000 21490
FabOnDisk: Cell_D_00000 23623
FabOnDisk: Cell_D_00000 25757
FabOnDisk: Cell_D_00000 27893

16,1
1.0450231872036633e+00,
1.0009032899133037e+00,
1.0121182890632274e+00,
1.0007819368144393e+00,
1.0012963639717294e+00,
1.0001103357065613e+00,
1.0002969921328841e+00,
1.0219246054067310e+00,
1.0000570313706234e+00,
1.0041543565974569e+00,
1.0000272825615701e+00,
1.0009204281590116e+00,
1.0029398335652213e+00,
1.0001483376026317e+00,
1.0000785591089871e+00,
1.0015014507547197e+00,

16,1
1.2121325130181235e+00,
1.0985250337730648e+00,
1.1906835578436057e+00,
1.0644772583007462e+00,
1.0208921060386673e+00,
1.0074377377868649e+00,
1.0293806005519326e+00,
1.1963754913212306e+00,
1.0311882988580412e+00,
1.1838562182052139e+00,
1.0032671639235520e+00,
1.0199445840010528e+00,
1.0948211983751015e+00,
1.0350562574075162e+00,
1.0534194956305334e+00,
1.0912282648724017e+00,

