1
1
1
0
(16 0
((0,0) (15,15) (0,0))
((16,0) (31,15) (0,0))
((32,0) (47,15) (0,0))
((48,0) (63,15) (0,0))
((0,16) (15,31) (0,0))
((16,16) (31,31) (0,0))
((32,16) (47,31) (0,0))
((48,16) (63,31) (0,0))
((0,32) (15,47) (0,0))
((16,32) (31,47) (0,0))
((32,32) (47,47) (0,0))
((48,32) (63,47) (0,0))
((0,48) (15,63) (0,0))
((16,48) (31,63) (0,0))
((32,48) (47,63) (0,0))
((48,48) (63,63) (0,0))
)
16
FabOnDisk: Cell_D_00000 0
FabOnDisk: Cell_D_00000 2130
FabOnDisk: Cell_D_00000 4261
FabOnDisk: Cell_D_00000 6392
FabOnDisk: Cell_D_00000 8523
FabOnDisk: Cell_D_00000 10654
FabOnDisk: Cell_D_00000 12786
FabOnDisk: Cell_D_00000 14918
FabOnDisk: Cell_D_00000 17050
FabOnDisk: Cell_D_00000 19181
FabOnDisk: Cell_D_00000 21313
FabOnDisk: Cell_D_00000 23445
FabOnDisk: Cell_D_00000 25577
FabOnDisk: Cell_D_00000 27708
FabOnDisk: Cell_D_00000 29840
FabOnDisk: Cell_D_00000 31972

16,1
1.0005591275457797e+00,
1.0000092702478081e+00,
1.0000098005352478e+00,
1.0010791808958333e+00,
1.0000100312634712e+00,
1.0000001668514951e+00,
1.0000001861258594e+00,
1.0000101692188443e+00,
1.0000148889176976e+00,
1.0000001797603366e+00,
1.0000001975627670e+00,
1.0000093719360814e+00,
1.0004525202195655e+00,
1.0000108783482717e+00,
1.0000151519026039e+00,
1.0013895216827822e+00,

16,1
1.1050386989184635e+00,
1.0033861657429504e+00,
1.0082410634341366e+00,
1.1083527529569239e+00,
1.0029481098770894e+00,
1.0003527515474540e+00,
1.0006987212266489e+00,
1.0033794678255099e+00,
1.0083363927927644e+00,
1.0002918836326211e+00,
1.0007700206083325e+00,
1.0085406300839010e+00,
1.1083129210998930e+00,
1.0032201322963621e+00,
1.0085877368103588e+00,
1.1117382766867645e+00,

