1
1
1
0
(16 0
((0,0) (15,15) (0,0))
((16,0) (31,15) (0,0))
((32,0) (47,15) (0,0))
((48,0) (63,15) (0,0))
((0,16) (15,31) (0,0))
((16,16) (31,31) (0,0))
((32,16) (47,31) (0,0))
((48,16) (63,31) (0,0))
((0,32) (15,47) (0,0))
((16,32) (31,47) (0,0))
((32,32) (47,47) (0,0))
((48,32) (63,47) (0,0))
((0,48) (15,63) (0,0))
((16,48) (31,63) (0,0))
((32,48) (47,63) (0,0))
((48,48) (63,63) (0,0))
)
16
FabOnDisk: Cell_D_00000 0
FabOnDisk: Cell_D_00000 2130
FabOnDisk: Cell_D_00000 4261
FabOnDisk: Cell_D_00000 6392
FabOnDisk: Cell_D_00000 8523
FabOnDisk: Cell_D_00000 10654
FabOnDisk: Cell_D_00000 12786
FabOnDisk: Cell_D_00000 14918
FabOnDisk: Cell_D_00000 17050
FabOnDisk: Cell_D_00000 19181
FabOnDisk: Cell_D_00000 21313
FabOnDisk: Cell_D_00000 23445
FabOnDisk: Cell_D_00000 25577
FabOnDisk: Cell_D_00000 27708
FabOnDisk: Cell_D_00000 29840
FabOnDisk: Cell_D_00000 31972

16,1
1.0002290825465134e+00,
1.0000447383398663e+00,
1.0000007559903554e+00,
1.0000048617327886e+00,
1.0030899382455165e+00,
1.0002216062461198e+00,
1.0000026406028042e+00,
1.0000111575577322e+00,
1.0000124313795651e+00,
1.0000007744075861e+00,
1.0000000169744692e+00,
1.0000001107610603e+00,
1.0000034344540389e+00,
1.0000005699069634e+00,
1.0000000101001199e+00,
1.0000000387413945e+00,

16,1
1.1189921243770562e+00,
1.0852965436198794e+00,
1.0005653122733276e+00,
1.0206464489883744e+00,
1.1330971906838341e+00,
1.0845253346221713e+00,
1.0005783073041565e+00,
1.0279297519851776e+00,
1.0078393164155295e+00,
1.0049918887450524e+00,
1.0000995827947605e+00,
1.0017843779808127e+00,
1.0012656110224611e+00,
1.0012742618006067e+00,
1.0000326390263503e+00,
1.0001022100880510e+00,

