1
1
1
0
(16 0
((0,0) (15,15) (0,0))
((16,0) (31,15) (0,0))
((32,0) (47,15) (0,0))
((48,0) (63,15) (0,0))
((0,16) (15,31) (0,0))
((16,16) (31,31) (0,0))
((32,16) (47,31) (0,0))
((48,16) (63,31) (0,0))
((0,32) (15,47) (0,0))
((16,32) (31,47) (0,0))
((32,32) (47,47) (0,0))
((48,32) (63,47) (0,0))
((0,48) (15,63) (0,0))
((16,48) (31,63) (0,0))
((32,48) (47,63) (0,0))
((48,48) (63,63) (0,0))
)
16
FabOnDisk: Cell_D_00000 0
FabOnDisk: Cell_D_00000 2130
FabOnDisk: Cell_D_00000 4261
FabOnDisk: Cell_D_00000 6392
FabOnDisk: Cell_D_00000 8523
FabOnDisk: Cell_D_00000 10654
FabOnDisk: Cell_D_00000 12786
FabOnDisk: Cell_D_00000 14918
FabOnDisk: Cell_D_00000 17050
FabOnDisk: Cell_D_00000 19181
FabOnDisk: Cell_D_00000 21313
FabOnDisk: Cell_D_00000 23445
FabOnDisk: Cell_D_00000 25577
FabOnDisk: Cell_D_00000 27708
FabOnDisk: Cell_D_00000 29840
FabOnDisk: Cell_D_00000 31972

16,1
1.0000000105552842e+00,
1.0000000682485017e+00,
1.0000150051820551e+00,
1.0000016687367401e+00,
1.0000000062479768e+00,
1.0000000304802936e+00,
1.0000073290488736e+00,
1.0000009484888446e+00,
1.0000012702525805e+00,
1.0000059565678407e+00,
1.0015576450701777e+00,
1.0002554675981377e+00,
1.0000043496074840e+00,
1.0000236555304438e+00,
1.0057246015487271e+00,
1.0007739046509376e+00,

16,1
1.0003298388242574e+00,
1.0041524234929160e+00,
1.0160937897111701e+00,
1.0134014496635246e+00,
1.0001671847311970e+00,
1.0007946701265249e+00,
1.0043747962398639e+00,
1.0040505024205217e+00,
1.0026206854041888e+00,
1.0167754500886603e+00,
1.0823650184361830e+00,
1.0742622695340427e+00,
1.0022348996500257e+00,
1.0207137185111532e+00,
1.0892248954160280e+00,
1.0770840025592454e+00,

