1
1
1
0
(14 0
((0,0) (15,15) (0,0))
((16,0) (23,15) (0,0))
((104,0) (119,15) (0,0))
((120,0) (127,15) (0,0))
((104,16) (119,23) (0,0))
((120,16) (127,23) (0,0))
((0,104) (15,119) (0,0))
((16,104) (23,119) (0,0))
((0,120) (15,127) (0,0))
((16,120) (23,127) (0,0))
((104,104) (119,119) (0,0))
((120,104) (127,119) (0,0))
((104,120) (119,127) (0,0))
((120,120) (127,127) (0,0))
)
14
FabOnDisk: Cell_D_00000 0
FabOnDisk: Cell_D_00000 2130
FabOnDisk: Cell_D_00000 3237
FabOnDisk: Cell_D_00000 5370
FabOnDisk: Cell_D_00000 6479
FabOnDisk: Cell_D_00000 7589
FabOnDisk: Cell_D_00000 8187
FabOnDisk: Cell_D_00000 10320
FabOnDisk: Cell_D_00000 11430
FabOnDisk: Cell_D_00000 12539
FabOnDisk: Cell_D_00000 13137
FabOnDisk: Cell_D_00000 15273
FabOnDisk: Cell_D_00000 16385
FabOnDisk: Cell_D_00000 17497

14,1
1.0015514388122004e+00,
1.0001638595664371e+00,
1.0000702204881473e+00,
1.0144696162856950e+00,
1.0000094958735548e+00,
1.0006055795249631e+00,
1.0001020835251060e+00,
1.0000026538164299e+00,
1.0131706610457190e+00,
1.0002586486515284e+00,
1.0000024413535866e+00,
1.0003763554182974e+00,
1.0006083768766703e+00,
1.1440040675409839e+00,

14,1
1.4623089623477039e+00,
1.0170566029582151e+00,
1.2167436795910738e+00,
1.4653625162955453e+00,
1.0084707735099085e+00,
1.0170324793459864e+00,
1.2167411026107484e+00,
1.0071432554663799e+00,
1.4653621410683590e+00,
1.0169423494047873e+00,
1.1016180724033808e+00,
1.2181740767265918e+00,
1.2181749828483173e+00,
1.4684359877797677e+00,

