1
1
1
0
(16 0
((0,0) (15,15) (0,0))
((16,0) (31,15) (0,0))
((32,0) (47,15) (0,0))
((48,0) (63,15) (0,0))
((0,16) (15,31) (0,0))
((16,16) (31,31) (0,0))
((32,16) (47,31) (0,0))
((48,16) (63,31) (0,0))
((0,32) (15,47) (0,0))
((16,32) (31,47) (0,0))
((32,32) (47,47) (0,0))
((48,32) (63,47) (0,0))
((0,48) (15,63) (0,0))
((16,48) (31,63) (0,0))
((32,48) (47,63) (0,0))
((48,48) (63,63) (0,0))
)
16
FabOnDisk: Cell_D_00000 0
FabOnDisk: Cell_D_00000 2130
FabOnDisk: Cell_D_00000 4261
FabOnDisk: Cell_D_00000 6392
FabOnDisk: Cell_D_00000 8523
FabOnDisk: Cell_D_00000 10654
FabOnDisk: Cell_D_00000 12786
FabOnDisk: Cell_D_00000 14918
FabOnDisk: Cell_D_00000 17050
FabOnDisk: Cell_D_00000 19181
FabOnDisk: Cell_D_00000 21313
FabOnDisk: Cell_D_00000 23445
FabOnDisk: Cell_D_00000 25577
FabOnDisk: Cell_D_00000 27708
FabOnDisk: Cell_D_00000 29840
FabOnDisk: Cell_D_00000 31972

16,1
1.0041877666002081e+00,
1.0001589864638378e+00,
1.0000028270455112e+00,
1.0000147567525568e+00,
1.0004236608489745e+00,
1.0000405451006507e+00,
1.0000005383828903e+00,
1.0000018607823260e+00,
1.0000024751594994e+00,
1.0000006021545249e+00,
1.0000000069238442e+00,
1.0000000231014090e+00,
1.0000056082149678e+00,
1.0000032173680315e+00,
1.0000000219520779e+00,
1.0000000688789570e+00,

16,1
1.1398667172948627e+00,
1.1043634191140419e+00,
1.0007840174057250e+00,
1.0174262851604383e+00,
1.1044517889720411e+00,
1.0780103989810197e+00,
1.0007507634718538e+00,
1.0129749068466543e+00,
1.0007852815182250e+00,
1.0005240514695271e+00,
1.0000212321736781e+00,
1.0002457248204686e+00,
1.0173847147076334e+00,
1.0129642576059916e+00,
1.0000912687154382e+00,
1.0017520883116493e+00,

