1
1
1
0
(16 0
((0,0) (15,15) (0,0))
((16,0) (31,15) (0,0))
((32,0) (47,15) (0,0))
((48,0) (63,15) (0,0))
((0,16) (15,31) (0,0))
((16,16) (31,31) (0,0))
((32,16) (47,31) (0,0))
((48,16) (63,31) (0,0))
((0,32) (15,47) (0,0))
((16,32) (31,47) (0,0))
((32,32) (47,47) (0,0))
((48,32) (63,47) (0,0))
((0,48) (15,63) (0,0))
((16,48) (31,63) (0,0))
((32,48) (47,63) (0,0))
((48,48) (63,63) (0,0))
)
16
FabOnDisk: Cell_D_00000 0
FabOnDisk: Cell_D_00000 2130
FabOnDisk: Cell_D_00000 4261
FabOnDisk: Cell_D_00000 6392
FabOnDisk: Cell_D_00000 8523
FabOnDisk: Cell_D_00000 10654
FabOnDisk: Cell_D_00000 12786
FabOnDisk: Cell_D_00000 14918
FabOnDisk: Cell_D_00000 17050
FabOnDisk: Cell_D_00000 19181
FabOnDisk: Cell_D_00000 21313
FabOnDisk: Cell_D_00000 23445
FabOnDisk: Cell_D_00000 25577
FabOnDisk: Cell_D_00000 27708
FabOnDisk: Cell_D_00000 29840
FabOnDisk: Cell_D_00000 31972

16,1
1.0000000000000078e+00,
1.0000000000000384e+00,
1.0000000003934335e+00,
1.0000000000358547e+00,
1.0000000000000422e+00,
1.0000000000006419e+00,
1.0000000050818938e+00,
1.0000000014677761e+00,
1.0000000005181806e+00,
1.0000000141362140e+00,
1.0001862166405160e+00,
1.0000026542624709e+00,
1.0000000000228320e+00,
1.0000000005203711e+00,
1.0000103136010272e+00,
1.0000002458839410e+00,

16,1
1.0000000723281652e+00,
1.0000038256801183e+00,
1.0000445523944061e+00,
1.0000273985686565e+00,
1.0000010447618048e+00,
1.0000555331669534e+00,
1.0035478962841080e+00,
1.0024733803253600e+00,
1.0000441507401499e+00,
1.0035512427296074e+00,
1.2681468175871951e+00,
1.1727458737699064e+00,
1.0000414075803488e+00,
1.0022452574540610e+00,
1.1727697026347566e+00,
1.1113729763118612e+00,

