1
1
1
0
(16 0
((8,8) (23,23) (0,0))
((24,8) (39,23) (0,0))
((40,8) (55,23) (0,0))
((56,8) (63,23) (0,0))
((8,24) (23,39) (0,0))
((24,24) (39,39) (0,0))
((40,24) (55,39) (0,0))
((56,24) (63,39) (0,0))
((8,40) (23,55) (0,0))
((24,40) (39,55) (0,0))
((40,40) (55,55) (0,0))
((56,40) (63,55) (0,0))
((8,56) (23,63) (0,0))
((24,56) (39,63) (0,0))
((40,56) (55,63) (0,0))
((56,56) (63,63) (0,0))
)
16
FabOnDisk: Cell_D_00000 0
FabOnDisk: Cell_D_00000 2130
FabOnDisk: Cell_D_00000 4261
FabOnDisk: Cell_D_00000 6392
FabOnDisk: Cell_D_00000 7499
FabOnDisk: Cell_D_00000 9630
FabOnDisk: Cell_D_00000 11762
FabOnDisk: Cell_D_00000 13894
FabOnDisk: Cell_D_00000 15002
FabOnDisk: Cell_D_00000 17133
FabOnDisk: Cell_D_00000 19265
FabOnDisk: Cell_D_00000 21397
FabOnDisk: Cell_D_00000 22505
FabOnDisk: Cell_D_00000 23612
FabOnDisk: Cell_D_00000 24720
FabOnDisk: Cell_D_00000 25828

16,1
1.0000008762076633e+00,
1.0000231406012423e+00,
1.0001029687972109e+00,
1.0000071568775062e+00,
1.0000672088844269e+00,
1.0163404082052554e+00,
1.0044960610502423e+00,
1.0001283613359933e+00,
1.0000262161379201e+00,
1.0051525840832793e+00,
1.0016142415432090e+00,
1.0002528473145365e+00,
1.0000061355920422e+00,
1.0004510678760659e+00,
1.0000767494982234e+00,
1.0000211223812245e+00,

16,1
1.0101896907848553e+00,
1.0600144356750987e+00,
1.0566892399501020e+00,
1.0024382715057356e+00,
1.0600183031400388e+00,
1.3546848111059955e+00,
1.3350878018424213e+00,
1.0163405493636026e+00,
1.0567033418739296e+00,
1.3350945978676796e+00,
1.3165851341342114e+00,
1.0157411027167256e+00,
1.0030370153024855e+00,
1.0164128173184155e+00,
1.0153044114219125e+00,
1.0008980548709845e+00,

