1
1
1
0
(16 0
((72,72) (87,87) (0,0))
((88,72) (103,87) (0,0))
((104,72) (119,87) (0,0))
((120,72) (127,87) (0,0))
((72,88) (87,103) (0,0))
((88,88) (103,103) (0,0))
((104,88) (119,103) (0,0))
((120,88) (127,103) (0,0))
((72,104) (87,119) (0,0))
((88,104) (103,119) (0,0))
((104,104) (119,119) (0,0))
((120,104) (127,119) (0,0))
((72,120) (87,127) (0,0))
((88,120) (103,127) (0,0))
((104,120) (119,127) (0,0))
((120,120) (127,127) (0,0))
)
16
FabOnDisk: Cell_D_00000 0
FabOnDisk: Cell_D_00000 2132
FabOnDisk: Cell_D_00000 4265
FabOnDisk: Cell_D_00000 6399
FabOnDisk: Cell_D_00000 7509
FabOnDisk: Cell_D_00000 9642
FabOnDisk: Cell_D_00000 11776
FabOnDisk: Cell_D_00000 13911
FabOnDisk: Cell_D_00000 15022
FabOnDisk: Cell_D_00000 17156
FabOnDisk: Cell_D_00000 19291
FabOnDisk: Cell_D_00000 21427
FabOnDisk: Cell_D_00000 22539
FabOnDisk: Cell_D_00000 23649
FabOnDisk: Cell_D_00000 24760
FabOnDisk: Cell_D_00000 25872

16,1
1.0000158704836317e+00,
1.0002481595898334e+00,
1.0004152507983410e+00,
1.0000498911350590e+00,
1.0006048066384818e+00,
1.0313657812179535e+00,
1.0113037109823158e+00,
1.0008332224636454e+00,
1.0001892756619335e+00,
1.0119900013496206e+00,
1.0045579111194389e+00,
1.0009621837476581e+00,
1.0000619964585193e+00,
1.0017485718869568e+00,
1.0004230124159701e+00,
1.0001392907241509e+00,

16,1
1.0225398787158606e+00,
1.0755732871345731e+00,
1.0716182835121137e+00,
1.0073963406025030e+00,
1.0755991848497259e+00,
1.2536731517393807e+00,
1.2404594470694794e+00,
1.0260884309643812e+00,
1.0716699562574712e+00,
1.2404756124529710e+00,
1.2279564919012305e+00,
1.0250474237905949e+00,
1.0081410348149800e+00,
1.0261598758523098e+00,
1.0246364252865321e+00,
1.0029103415876415e+00,

