HyperCLaw-V1.1
1
phi
2
5.76733968405276
1
-1 -1 
1 1 
2 
((0,0) (63,63) (0,0)) ((0,0) (127,127) (0,0)) 
290 580 
0.03125 0.03125 
0.015625 0.015625 
0
0
0 16 5.76733968405276
290
-1 -0.5
-1 -0.5
-0.5 0
-1 -0.5
0 0.5
-1 -0.5
0.5 1
-1 -0.5
-1 -0.5
-0.5 0
-0.5 0
-0.5 0
0 0.5
-0.5 0
0.5 1
-0.5 0
-1 -0.5
0 0.5
-0.5 0
0 0.5
0 0.5
0 0.5
0.5 1
0 0.5
-1 -0.5
0.5 1
-0.5 0
0.5 1
0 0.5
0.5 1
0.5 1
0.5 1
Level_0/Cell
1 16 5.76733968405276
580
-1 -0.75
-0.75 -0.5
-0.75 -0.5
-0.75 -0.5
-0.5 -0.25
-0.75 -0.5
-0.25 0
-0.75 -0.5
-1 -0.75
-0.5 -0.25
-0.75 -0.5
-0.5 -0.25
-0.5 -0.25
-0.5 -0.25
-0.25 0
-0.5 -0.25
-1 -0.75
-0.25 0
-0.75 -0.5
-0.25 0
-0.5 -0.25
-0.25 0
-0.25 0
-0.25 0
-1 -0.75
0 0.25
-0.75 -0.5
0 0.25
-0.5 -0.25
0 0.25
-0.25 0
0 0.25
Level_1/Cell
