HyperCLaw-V1.1
1
phi
2
0.994368911043582
1
-1 -1 
1 1 
2 
((0,0) (63,63) (0,0)) ((0,0) (127,127) (0,0)) 
50 100 
0.03125 0.03125 
0.015625 0.015625 
0
0
0 16 0.994368911043582
50
-1 -0.5
-1 -0.5
-0.5 0
-1 -0.5
0 0.5
-1 -0.5
0.5 1
-1 -0.5
-1 -0.5
-0.5 0
-0.5 0
-0.5 0
0 0.5
-0.5 0
0.5 1
-0.5 0
-1 -0.5
0 0.5
-0.5 0
0 0.5
0 0.5
0 0.5
0.5 1
0 0.5
-1 -0.5
0.5 1
-0.5 0
0.5 1
0 0.5
0.5 1
0.5 1
0.5 1
Level_0/Cell
1 11 0.994368911043582
100
-1 -0.75
-1 -0.75
0.625 0.875
-1 -0.75
0.875 1
-1 -0.75
0.625 0.875
-0.75 -0.625
0.875 1
-0.75 -0.625
-1 -0.75
0.625 0.875
-1 -0.75
0.875 1
0.5 0.75
0.625 0.875
0.75 1
0.625 0.875
0.5 0.75
0.875 1
0.75 1
0.875 1
Level_1/Cell
