1
1
1
0
(16 0
((0,0) (15,15) (0,0))
((16,0) (31,15) (0,0))
((32,0) (47,15) (0,0))
((48,0) (63,15) (0,0))
((0,16) (15,31) (0,0))
((16,16) (31,31) (0,0))
((32,16) (47,31) (0,0))
((48,16) (63,31) (0,0))
((0,32) (15,47) (0,0))
((16,32) (31,47) (0,0))
((32,32) (47,47) (0,0))
((48,32) (63,47) (0,0))
((0,48) (15,63) (0,0))
((16,48) (31,63) (0,0))
((32,48) (47,63) (0,0))
((48,48) (63,63) (0,0))
)
16
FabOnDisk: Cell_D_00000 0
FabOnDisk: Cell_D_00000 2130
FabOnDisk: Cell_D_00000 4261
FabOnDisk: Cell_D_00000 6392
FabOnDisk: Cell_D_00000 8523
FabOnDisk: Cell_D_00000 10654
FabOnDisk: Cell_D_00000 12786
FabOnDisk: Cell_D_00000 14918
FabOnDisk: Cell_D_00000 17050
FabOnDisk: Cell_D_00000 19181
FabOnDisk: Cell_D_00000 21313
FabOnDisk: Cell_D_00000 23445
FabOnDisk: Cell_D_00000 25577
FabOnDisk: Cell_D_00000 27708
FabOnDisk: Cell_D_00000 29840
FabOnDisk: Cell_D_00000 31972

16,1
1.0000228651402354e+00,
1.0000000124783073e+00,
1.0000004948930417e+00,
1.0010001187652799e+00,
1.0000000034550347e+00,
1.0000000000020126e+00,
1.0000000000406415e+00,
1.0000001025845886e+00,
1.0000000089195391e+00,
1.0000000000036002e+00,
1.0000000000866831e+00,
1.0000002133452575e+00,
1.0000438234783662e+00,
1.0000000227104160e+00,
1.0000007334674876e+00,
1.0015861586462989e+00,

16,1
1.0925697994647030e+00,
1.0003017666146019e+00,
1.0210968094085087e+00,
1.1291690408700517e+00,
1.0021262618797404e+00,
1.0000055071183040e+00,
1.0005765486078317e+00,
1.0031405602586461e+00,
1.0045458731649441e+00,
1.0000252121114779e+00,
1.0006688947741200e+00,
1.0055888208876089e+00,
1.1009272211794419e+00,
1.0004531997267616e+00,
1.0177583445206555e+00,
1.1298581479429415e+00,

