HyperCLaw-V1.1
1
phi
2
2.58535916871332
1
-1 -1 
1 1 
2 
((0,0) (63,63) (0,0)) ((0,0) (127,127) (0,0)) 
130 260 
0.03125 0.03125 
0.015625 0.015625 
0
0
0 16 2.58535916871332
130
-1 -0.5
-1 -0.5
-0.5 0
-1 -0.5
0 0.5
-1 -0.5
0.5 1
-1 -0.5
-1 -0.5
-0.5 0
-0.5 0
-0.5 0
0 0.5
-0.5 0
0.5 1
-0.5 0
-1 -0.5
0 0.5
-0.5 0
0 0.5
0 0.5
0 0.5
0.5 1
0 0.5
-1 -0.5
0.5 1
-0.5 0
0.5 1
0 0.5
0.5 1
0.5 1
0.5 1
Level_0/Cell
1 16 2.58535916871332
260
0 0.25
0.125 0.375
0.25 0.5
0.125 0.375
0.5 0.75
0.125 0.375
0.75 0.875
0.125 0.375
0 0.25
0.375 0.625
0.25 0.5
0.375 0.625
0.5 0.75
0.375 0.625
0.75 0.875
0.375 0.625
0 0.25
0.625 0.875
0.25 0.5
0.625 0.875
0.5 0.75
0.625 0.875
0.75 0.875
0.625 0.875
0 0.25
0.875 1
0.25 0.5
0.875 1
0.5 0.75
0.875 1
0.75 0.875
0.875 1
Level_1/Cell
