1
1
1
0
(16 0
((0,0) (15,15) (0,0))
((16,0) (31,15) (0,0))
((32,0) (47,15) (0,0))
((48,0) (63,15) (0,0))
((0,16) (15,31) (0,0))
((16,16) (31,31) (0,0))
((32,16) (47,31) (0,0))
((48,16) (63,31) (0,0))
((0,32) (15,47) (0,0))
((16,32) (31,47) (0,0))
((32,32) (47,47) (0,0))
((48,32) (63,47) (0,0))
((0,48) (15,63) (0,0))
((16,48) (31,63) (0,0))
((32,48) (47,63) (0,0))
((48,48) (63,63) (0,0))
)
16
FabOnDisk: Cell_D_00000 0
FabOnDisk: Cell_D_00000 2130
FabOnDisk: Cell_D_00000 4261
FabOnDisk: Cell_D_00000 6392
FabOnDisk: Cell_D_00000 8523
FabOnDisk: Cell_D_00000 10654
FabOnDisk: Cell_D_00000 12786
FabOnDisk: Cell_D_00000 14918
FabOnDisk: Cell_D_00000 17050
FabOnDisk: Cell_D_00000 19181
FabOnDisk: Cell_D_00000 21313
FabOnDisk: Cell_D_00000 23445
FabOnDisk: Cell_D_00000 25577
FabOnDisk: Cell_D_00000 27708
FabOnDisk: Cell_D_00000 29840
FabOnDisk: Cell_D_00000 31972

16,1
1.0033435006042151e+00,
1.0003857699389063e+00,
1.0000080520332786e+00,
1.0000431094888758e+00,
1.0092722363697748e+00,
1.0008895372782376e+00,
1.0000203123845977e+00,
1.0001290897634529e+00,
1.0000682560535357e+00,
1.0000058250739672e+00,
1.0000001489587775e+00,
1.0000010228861742e+00,
1.0000421818804157e+00,
1.0000039282023709e+00,
1.0000001018549338e+00,
1.0000005858473580e+00,

16,1
1.0702969077043847e+00,
1.0588694687338129e+00,
1.0025494881062675e+00,
1.0241839249065912e+00,
1.0743506067947346e+00,
1.0594481740142452e+00,
1.0021845872384769e+00,
1.0283526086249257e+00,
1.0173022853104541e+00,
1.0131960907613986e+00,
1.0004210161883460e+00,
1.0071474619757819e+00,
1.0062427865509693e+00,
1.0054233937683188e+00,
1.0002690222504809e+00,
1.0019667449788296e+00,

