1
1
1
0
(9 0
((104,104) (119,119) (0,0))
((120,104) (135,119) (0,0))
((136,104) (151,119) (0,0))
((104,120) (119,135) (0,0))
((120,120) (135,135) (0,0))
((136,120) (151,135) (0,0))
((104,136) (119,151) (0,0))
((120,136) (135,151) (0,0))
((136,136) (151,151) (0,0))
)
9
FabOnDisk: Cell_D_00000 0
FabOnDisk: Cell_D_00000 2136
FabOnDisk: Cell_D_00000 4272
FabOnDisk: Cell_D_00000 6408
FabOnDisk: Cell_D_00000 8544
FabOnDisk: Cell_D_00000 10680
FabOnDisk: Cell_D_00000 12816
FabOnDisk: Cell_D_00000 14952
FabOnDisk: Cell_D_00000 17088

9,1
1.0011810717289784e+00,
1.0243800706318029e+00,
1.0011810717289784e+00,
1.0243800706318029e+00,
1.5032614272512166e+00,
1.0243800706318029e+00,
1.0011810717289784e+00,
1.0243800706318029e+00,
1.0011810717289784e+00,

9,1
1.4139715580775785e+00,
1.6424252041186436e+00,
1.4139715580775785e+00,
1.6424252041186436e+00,
1.9969528940670334e+00,
1.6424252041186436e+00,
1.4139715580775785e+00,
1.6424252041186436e+00,
1.4139715580775785e+00,

