1
1
1
0
(16 0
((0,16) (15,31) (0,0))
((16,16) (31,31) (0,0))
((32,16) (47,31) (0,0))
((48,16) (63,31) (0,0))
((0,32) (15,47) (0,0))
((16,32) (31,47) (0,0))
((32,32) (47,47) (0,0))
((48,32) (63,47) (0,0))
((0,48) (15,63) (0,0))
((16,48) (31,63) (0,0))
((32,48) (47,63) (0,0))
((48,48) (63,63) (0,0))
((0,64) (15,79) (0,0))
((16,64) (31,79) (0,0))
((32,64) (47,79) (0,0))
((48,64) (63,79) (0,0))
)
16
FabOnDisk: Cell_D_00000 0
FabOnDisk: Cell_D_00000 2131
FabOnDisk: Cell_D_00000 4263
FabOnDisk: Cell_D_00000 6395
FabOnDisk: Cell_D_00000 8527
FabOnDisk: Cell_D_00000 10658
FabOnDisk: Cell_D_00000 12790
FabOnDisk: Cell_D_00000 14922
FabOnDisk: Cell_D_00000 17054
FabOnDisk: Cell_D_00000 19185
FabOnDisk: Cell_D_00000 21317
FabOnDisk: Cell_D_00000 23449
FabOnDisk: Cell_D_00000 25581
FabOnDisk: Cell_D_00000 27712
FabOnDisk: Cell_D_00000 29844
FabOnDisk: Cell_D_00000 31976

16,1
1.0001566307647551e+00,
1.0009240681056115e+00,
1.0030766468828869e+00,
1.0005084122714654e+00,
1.0020692612870443e+00,
1.0227818585533337e+00,
1.0276627789851729e+00,
1.0021175842892396e+00,
1.0015178765292563e+00,
1.0263772580439632e+00,
1.0366703413124159e+00,
1.0048686442677821e+00,
1.0002659832542566e+00,
1.0025301289099464e+00,
1.0032598313152723e+00,
1.0006206578873518e+00,

16,1
1.0178759936099946e+00,
1.0454652513308746e+00,
1.0459570471477710e+00,
1.0232515190983171e+00,
1.0469212130191710e+00,
1.1262610325469027e+00,
1.1278128411517743e+00,
1.0637288657607360e+00,
1.0507293909120257e+00,
1.1284796611611181e+00,
1.1292903653559399e+00,
1.0656672092697363e+00,
1.0230780238019488e+00,
1.0608747986473845e+00,
1.0612715858510375e+00,
1.0284009192677206e+00,

