1
1
1
0
(11 0
((0,0) (15,15) (0,0))
((104,0) (119,15) (0,0))
((120,0) (127,15) (0,0))
((104,16) (119,23) (0,0))
((120,16) (127,23) (0,0))
((0,104) (15,119) (0,0))
((0,120) (15,127) (0,0))
((96,104) (111,119) (0,0))
((112,104) (127,119) (0,0))
((96,120) (111,127) (0,0))
((112,120) (127,127) (0,0))
)
11
FabOnDisk: Cell_D_00000 0
FabOnDisk: Cell_D_00000 2130
FabOnDisk: Cell_D_00000 4263
FabOnDisk: Cell_D_00000 5372
FabOnDisk: Cell_D_00000 6482
FabOnDisk: Cell_D_00000 7080
FabOnDisk: Cell_D_00000 9213
FabOnDisk: Cell_D_00000 10322
FabOnDisk: Cell_D_00000 12457
FabOnDisk: Cell_D_00000 14593
FabOnDisk: Cell_D_00000 15704

11,1
1.0003910527638558e+00,
1.0003458914355021e+00,
1.0218617281408842e+00,
1.0000224165345935e+00,
1.0006979293587774e+00,
1.0000720004136057e+00,
1.0022114151546011e+00,
1.0000002114239723e+00,
1.0000606523633953e+00,
1.0000322002095414e+00,
1.0553183126999084e+00,

11,1
1.4292401919374504e+00,
1.2915356297517395e+00,
1.4620868213601723e+00,
1.0144496853375806e+00,
1.0173679648528697e+00,
1.1730589457723331e+00,
1.4404742731898905e+00,
1.0367867644579678e+00,
1.2187580022297893e+00,
1.0554559394342784e+00,
1.4635703454310558e+00,

