1
1
1
0
(9 0
((0,0) (15,15) (0,0))
((16,0) (31,15) (0,0))
((32,0) (47,15) (0,0))
((0,16) (15,31) (0,0))
((16,16) (31,31) (0,0))
((32,16) (47,31) (0,0))
((0,32) (15,47) (0,0))
((16,32) (31,47) (0,0))
((32,32) (47,47) (0,0))
)
9
FabOnDisk: Cell_D_00000 0
FabOnDisk: Cell_D_00000 2130
FabOnDisk: Cell_D_00000 4261
FabOnDisk: Cell_D_00000 6392
FabOnDisk: Cell_D_00000 8523
FabOnDisk: Cell_D_00000 10655
FabOnDisk: Cell_D_00000 12787
FabOnDisk: Cell_D_00000 14918
FabOnDisk: Cell_D_00000 17050

9,1
1.0000095655889913e+00,
1.0004234136459320e+00,
1.0000328890825305e+00,
1.0007200077114728e+00,
1.0945402498593544e+00,
1.0010972413524426e+00,
1.0000351802486087e+00,
1.0018175483905851e+00,
1.0000706952758345e+00,

9,1
1.0671701997026979e+00,
1.1610317046515415e+00,
1.0967175852540352e+00,
1.1610380256737376e+00,
1.3861005624992087e+00,
1.2321090024408903e+00,
1.0968558430932314e+00,
1.2321048345812851e+00,
1.1395882068694820e+00,

