1
1
1
0
(16 0
((0,0) (15,15) (0,0))
((16,0) (31,15) (0,0))
((32,0) (47,15) (0,0))
((48,0) (63,15) (0,0))
((0,16) (15,31) (0,0))
((16,16) (31,31) (0,0))
((32,16) (47,31) (0,0))
((48,16) (63,31) (0,0))
((0,32) (15,47) (0,0))
((16,32) (31,47) (0,0))
((32,32) (47,47) (0,0))
((48,32) (63,47) (0,0))
((0,48) (15,63) (0,0))
((16,48) (31,63) (0,0))
((32,48) (47,63) (0,0))
((48,48) (63,63) (0,0))
)
16
FabOnDisk: Cell_D_00000 0
FabOnDisk: Cell_D_00000 2130
FabOnDisk: Cell_D_00000 4261
FabOnDisk: Cell_D_00000 6392
FabOnDisk: Cell_D_00000 8523
FabOnDisk: Cell_D_00000 10654
FabOnDisk: Cell_D_00000 12786
FabOnDisk: Cell_D_00000 14918
FabOnDisk: Cell_D_00000 17050
FabOnDisk: Cell_D_00000 19181
FabOnDisk: Cell_D_00000 21313
FabOnDisk: Cell_D_00000 23445
FabOnDisk: Cell_D_00000 25577
FabOnDisk: Cell_D_00000 27708
FabOnDisk: Cell_D_00000 29840
FabOnDisk: Cell_D_00000 31972

16,1
1.0000000558235913e+00,
1.0000043936126390e+00,
1.0000028224361950e+00,
1.0000000377480256e+00,
1.0000015548118319e+00,
1.0000653726850959e+00,
1.0000929843993540e+00,
1.0000007981803949e+00,
1.0000155254334644e+00,
1.0049764605876459e+00,
1.0012700668809915e+00,
1.0000099584137356e+00,
1.0000003586186186e+00,
1.0000494975880843e+00,
1.0000095284310448e+00,
1.0000001655842428e+00,

16,1
1.0000351453221421e+00,
1.0005210176881314e+00,
1.0005941309045641e+00,
1.0000662171686323e+00,
1.0073140774116363e+00,
1.0788089349601870e+00,
1.0743556440052433e+00,
1.0010565421469193e+00,
1.0163876359626787e+00,
1.1216903297506466e+00,
1.1048506753483534e+00,
1.0017972476991948e+00,
1.0026597371120938e+00,
1.0263180240260470e+00,
1.0235597897087851e+00,
1.0006480264135227e+00,

