HyperCLaw-V1.1
1
phi
2
5.36959211963533
1
-1 -1 
1 1 
2 
((0,0) (63,63) (0,0)) ((0,0) (127,127) (0,0)) 
270 540 
0.03125 0.03125 
0.015625 0.015625 
0
0
0 16 5.36959211963533
270
-1 -0.5
-1 -0.5
-0.5 0
-1 -0.5
0 0.5
-1 -0.5
0.5 1
-1 -0.5
-1 -0.5
-0.5 0
-0.5 0
-0.5 0
0 0.5
-0.5 0
0.5 1
-0.5 0
-1 -0.5
0 0.5
-0.5 0
0 0.5
0 0.5
0 0.5
0.5 1
0 0.5
-1 -0.5
0.5 1
-0.5 0
0.5 1
0 0.5
0.5 1
0.5 1
0.5 1
Level_0/Cell
1 22 5.36959211963533
540
-1 -0.75
-1 -0.75
-0.75 -0.5
-1 -0.75
-0.5 -0.25
-1 -0.75
-0.25 -0.125
-1 -0.75
-1 -0.75
-0.75 -0.5
-0.75 -0.5
-0.75 -0.5
-0.5 -0.25
-0.75 -0.5
-0.25 -0.125
-0.75 -0.5
-1 -0.75
-0.5 -0.25
-0.75 -0.5
-0.5 -0.25
-0.5 -0.25
-0.5 -0.25
-0.25 -0.125
-0.5 -0.25
-1 -0.75
-0.25 -0.125
-0.75 -0.5
-0.25 -0.125
-0.5 -0.25
-0.25 -0.125
-0.25 -0.125
-0.25 -0.125
0.875 1
-1 -0.75
0.875 1
-0.75 -0.5
0.875 1
-0.5 -0.25
-1 -0.75
0.875 1
-0.75 -0.5
0.875 1
-0.5 -0.25
0.875 1
Level_1/Cell
