1
1
1
0
(13 0
((96,0) (111,7) (0,0))
((112,0) (127,7) (0,0))
((88,88) (103,103) (0,0))
((104,88) (119,103) (0,0))
((120,88) (127,103) (0,0))
((88,104) (103,119) (0,0))
((104,104) (119,119) (0,0))
((120,104) (127,119) (0,0))
((88,120) (103,127) (0,0))
((104,120) (119,127) (0,0))
((120,120) (127,127) (0,0))
((0,96) (7,111) (0,0))
((0,112) (7,127) (0,0))
)
13
FabOnDisk: Cell_D_00000 0
FabOnDisk: Cell_D_00000 1107
FabOnDisk: Cell_D_00000 2215
FabOnDisk: Cell_D_00000 4349
FabOnDisk: Cell_D_00000 6484
FabOnDisk: Cell_D_00000 7595
FabOnDisk: Cell_D_00000 9730
FabOnDisk: Cell_D_00000 11866
FabOnDisk: Cell_D_00000 12978
FabOnDisk: Cell_D_00000 14089
FabOnDisk: Cell_D_00000 15201
FabOnDisk: Cell_D_00000 15801
FabOnDisk: Cell_D_00000 16908

13,1
1.0000742271073280e+00,
1.0002520334874303e+00,
9.9999996987728523e-01,
1.0000074740311649e+00,
1.0000708564662875e+00,
1.0000267532532305e+00,
1.0325860592229508e+00,
1.0167039250952485e+00,
1.0000129612486901e+00,
1.0171545352480826e+00,
1.0089888119488934e+00,
1.0000127924574953e+00,
1.0006524984963094e+00,

13,1
1.0416184336155183e+00,
1.0481595171774472e+00,
1.0187479409012108e+00,
1.0988690214514614e+00,
1.0669353382692239e+00,
1.0988673596747431e+00,
1.5215376569970283e+00,
1.3531693611558566e+00,
1.0669541909398381e+00,
1.3531720395154867e+00,
1.2391674820699503e+00,
1.0409373366175001e+00,
1.0481848930074884e+00,

