1
1
1
0
(16 0
((0,0) (15,15) (0,0))
((16,0) (31,15) (0,0))
((32,0) (47,15) (0,0))
((48,0) (63,15) (0,0))
((0,16) (15,31) (0,0))
((16,16) (31,31) (0,0))
((32,16) (47,31) (0,0))
((48,16) (63,31) (0,0))
((0,32) (15,47) (0,0))
((16,32) (31,47) (0,0))
((32,32) (47,47) (0,0))
((48,32) (63,47) (0,0))
((0,48) (15,63) (0,0))
((16,48) (31,63) (0,0))
((32,48) (47,63) (0,0))
((48,48) (63,63) (0,0))
)
16
FabOnDisk: Cell_D_00000 0
FabOnDisk: Cell_D_00000 2130
FabOnDisk: Cell_D_00000 4261
FabOnDisk: Cell_D_00000 6392
FabOnDisk: Cell_D_00000 8523
FabOnDisk: Cell_D_00000 10654
FabOnDisk: Cell_D_00000 12786
FabOnDisk: Cell_D_00000 14918
FabOnDisk: Cell_D_00000 17050
FabOnDisk: Cell_D_00000 19181
FabOnDisk: Cell_D_00000 21313
FabOnDisk: Cell_D_00000 23445
FabOnDisk: Cell_D_00000 25577
FabOnDisk: Cell_D_00000 27708
FabOnDisk: Cell_D_00000 29840
FabOnDisk: Cell_D_00000 31972

16,1
1.0084491774566042e+00,
1.0000441806703804e+00,
1.0000036314156788e+00,
1.0001361591430074e+00,
1.0000246719596646e+00,
1.0000002777762680e+00,
1.0000000379178049e+00,
1.0000021966003716e+00,
1.0000041163045503e+00,
1.0000000399788624e+00,
1.0000000041822230e+00,
1.0000001414843425e+00,
1.0001791353304639e+00,
1.0000011757870451e+00,
1.0000001492145283e+00,
1.0000060455951836e+00,

16,1
1.1450401572707081e+00,
1.0250303157240439e+00,
1.0003101694092909e+00,
1.0871165245620773e+00,
1.0251439701952221e+00,
1.0047410238780650e+00,
1.0000796130260372e+00,
1.0156720922703983e+00,
1.0003270894129110e+00,
1.0001936104367679e+00,
1.0000030107914613e+00,
1.0001063197395259e+00,
1.0870517092690519e+00,
1.0144164343699544e+00,
1.0002416610936429e+00,
1.0523087885908888e+00,

